Date,Local Time,Home ID,Away ID
20120811,2100,1823,378
20120811,2100,1819,65
20120811,2100,294,110456
20120811,2100,111271,59
20120811,2100,226,58
20120810,2100,70,1809
20120811,2100,72,614
20120811,2100,73,217
20120811,2100,379,219
20120811,2100,74,66
20120818,1700,614,73
20120819,1400,217,70
20120819,2100,59,74
20120818,2000,65,1823
20120817,2100,219,226
20120818,2000,66,294
20120818,2000,58,379
20120818,2000,378,111271
20120819,1700,1809,1819
20120818,2000,110456,72
20120825,2000,1823,1809
20120825,1700,1819,378
20120825,2000,294,217
20120826,1700,111271,66
20120826,2100,70,219
20120825,2000,72,65
20120824,2100,73,59
20120826,1400,379,226
20120825,2000,74,58
20120825,2000,110456,614
20120901,2000,614,111271
20120902,1400,217,1823
20120902,1700,226,70
20120901,2000,59,72
20120902,2100,65,73
20120831,2100,219,74
20120901,1700,66,110456
20120901,2000,58,1819
20120901,2000,378,294
20120901,2000,1809,379
20120915,2000,1823,219
20120915,2000,1819,226
20120916,1700,294,65
20120915,2000,111271,58
20120915,2000,72,378
20120915,2000,66,614
20120916,2100,73,1809
20120914,2100,379,70
20120916,1400,74,217
20120915,1700,110456,59
20120922,2000,217,72
20120922,2000,226,294
20120923,1700,59,614
20120923,2100,65,66
20120922,2000,70,1819
20120922,2000,219,111271
20120922,1700,58,73
20120922,2000,378,110456
20120923,1400,379,1823
20120921,2100,1809,74
20120929,2000,614,378
20120929,2000,1823,70
20120930,1700,1819,379
20120929,2000,294,1809
20120930,1400,111271,217
20120929,2000,72,58
20120930,2100,66,59
20120929,2000,73,226
20120928,2100,74,65
20120929,1700,110456,219
20121006,2000,1819,1823
20121005,2100,217,66
20121006,1700,226,74
20121007,1700,65,614
20121006,2000,70,111271
20121007,2100,219,73
20121006,2000,58,294
20121006,2000,378,59
20121007,1400,379,72
20121006,2000,1809,110456
20121019,2100,614,58
20121020,2000,1823,226
20121021,1400,294,219
20121020,2000,111271,1809
20121020,1700,59,65
20121020,2000,72,1819
20121020,2000,66,378
20121021,1700,73,379
20121021,2100,74,70
20121020,2000,110456,217
20121026,2100,1823,73
20121028,1700,1819,74
20121027,2000,217,614
20121027,2000,226,111271
20121027,1700,65,110456
20121027,2000,70,72
20121028,2100,219,66
20121027,2000,58,59
20121028,1400,379,294
20121027,2000,1809,378
20121104,1700,614,219
20121103,2000,294,70
20121103,2000,111271,65
20121102,2100,59,1809
20121103,2000,72,1823
20121103,2000,66,58
20121104,2100,73,1819
20121104,1400,378,217
20121103,1700,74,379
20121103,2000,110456,226
20121110,2000,1823,74
20121111,1700,1819,294
20121110,1700,217,59
20121109,2100,226,66
20121110,2000,65,378
20121111,2100,70,73
20121110,2000,219,72
20121110,2000,58,110456
20121111,1400,379,111271
20121110,2000,1809,614
20121117,2000,614,226
20121117,2000,294,1823
20121117,2000,111271,1819
20121117,1700,217,65
20121118,2100,59,219
20121117,2000,72,1809
20121117,2000,66,379
20121116,2100,73,74
20121118,1400,378,58
20121118,1700,110456,70
20121124,2000,1823,614
20121124,1700,1819,110456
20121124,2000,226,72
20121123,2100,70,59
20121125,2100,219,65
20121124,2000,73,294
20121124,2000,58,217
20121125,1400,379,378
20121124,2000,74,111271
20121125,1700,1809,66
20121201,2000,614,1819
20121201,2000,294,74
20121201,2000,111271,1823
20121202,1400,217,1809
20121202,1700,59,226
20121130,2100,65,58
20121201,2000,72,73
20121202,2100,66,70
20121201,1700,378,219
20121201,2000,110456,379
20121208,2000,1823,110456
20121209,2100,1819,66
20121208,2000,294,72
20121209,1700,226,65
20121208,1700,70,614
20121207,2100,219,217
20121208,2000,73,111271
20121208,2000,379,59
20121209,1400,74,378
20121208,2000,1809,58
20121212,2100,614,379
20121212,2100,111271,294
20121212,2100,217,226
20121212,2100,59,1819
20121212,2100,65,1809
20121212,2100,72,74
20121212,2100,66,1823
20121212,2100,58,219
20121212,2100,378,70
20121211,2100,110456,73
20121216,1400,1823,59
20121215,2000,1819,217
20121215,2000,294,614
20121215,2000,226,378
20121216,1700,70,58
20121215,2000,72,111271
20121216,2100,73,66
20121215,1700,379,65
20121215,2000,74,110456
20121214,2100,1809,219
20121222,2000,614,74
20121222,2000,217,379
20121222,1700,59,294
20121223,2100,65,70
20121221,2100,219,1819
20121223,1400,66,72
20121222,2000,58,1823
20121223,1700,378,73
20121222,2000,1809,226
20121222,2000,110456,111271
20130112,2000,1823,65
20130112,1700,1819,1809
20130113,1400,294,66
20130112,2000,111271,378
20130113,2100,226,219
20130113,1700,70,217
20130112,2000,72,110456
20130112,2000,73,614
20130112,2000,379,58
20130111,2100,74,59
20130119,2000,614,110456
20130119,2000,217,294
20130119,2000,226,379
20130118,2100,59,73
20130120,1700,65,72
20130120,2100,219,70
20130119,2000,66,111271
20130119,1700,58,74
20130120,1400,378,1819
20130119,2000,1809,1823
20130127,1400,1823,217
20130126,2000,1819,58
20130126,2000,294,378
20130126,2000,111271,614
20130126,2000,70,226
20130126,1700,72,59
20130127,2100,73,65
20130126,2000,379,1809
20130125,2100,74,219
20130127,1700,110456,66
20130201,2100,219,1823
20130202,1700,226,1819
20130202,2000,65,294
20130202,2000,58,111271
20130202,2000,378,72
20130202,2000,614,66
20130203,2100,1809,73
20130203,1700,70,379
20130202,2000,217,74
20130203,1400,59,110456
20130209,2000,72,217
20130209,2000,294,226
20130209,2000,614,59
20130210,2100,66,65
20130209,1700,1819,70
20130209,2000,111271,219
20130208,2100,73,58
20130209,2000,110456,378
20130210,1400,1823,379
20130210,1700,74,1809
20130216,2000,378,614
20130216,2000,70,1823
20130217,1400,379,1819
20130216,2000,1809,294
20130216,2000,217,111271
20130216,2000,58,72
20130215,2100,59,66
20130216,1700,226,73
20130217,2100,65,74
20130217,1700,219,110456
20130223,2000,1823,1819
20130222,2100,66,217
20130223,1700,74,226
20130223,2000,614,65
20130223,2000,111271,70
20130224,2100,73,219
20130223,2000,294,58
20130224,1700,59,378
20130223,2000,72,379
20130224,1400,110456,1809
20130301,2100,58,614
20130302,2000,226,1823
20130302,2000,219,294
20130302,2000,1809,111271
20130303,2100,65,59
20130303,1700,1819,72
20130302,2000,378,66
20130303,1400,379,73
20130302,1700,70,74
20130302,2000,217,110456
20130309,1700,73,1823
20130308,2100,74,1819
20130309,2000,614,217
20130309,2000,111271,226
20130310,1700,110456,65
20130310,1400,72,70
20130310,2100,66,219
20130309,2000,59,58
20130309,2000,294,379
20130309,2000,378,1809
20130316,2000,219,614
20130316,2000,70,294
20130317,1400,65,111271
20130315,2100,1809,59
20130316,2000,1823,72
20130317,1700,58,66
20130317,2100,1819,73
20130316,1700,217,378
20130316,2000,379,74
20130316,2000,226,110456
20130330,2000,74,1823
20130330,2000,294,1819
20130331,1700,59,217
20130330,1700,66,226
20130331,1400,378,65
20130331,2100,73,70
20130329,2100,72,219
20130330,2000,110456,58
20130330,2000,111271,379
20130330,2000,614,1809
20130406,2000,226,614
20130406,2000,1823,294
20130406,2000,1819,111271
20130406,1700,65,217
20130407,2100,219,59
20130406,2000,1809,72
20130407,1700,379,66
20130405,2100,74,73
20130406,2000,58,378
20130407,1400,70,110456
20130413,2000,614,1823
20130414,1400,110456,1819
20130413,1700,72,226
20130412,2100,59,70
20130414,2100,65,219
20130413,2000,294,73
20130413,2000,217,58
20130413,2000,378,379
20130413,2000,111271,74
20130414,1700,66,1809
20130421,2100,1819,614
20130421,2100,74,294
20130421,2100,1823,111271
20130421,2100,1809,217
20130421,2100,226,59
20130421,2100,58,65
20130421,2100,73,72
20130421,2100,70,66
20130421,2100,219,378
20130421,2100,379,110456
20130427,2000,110456,1823
20130428,2100,66,1819
20130427,2000,72,294
20130428,1700,65,226
20130427,2000,614,70
20130427,2000,217,219
20130427,2000,111271,73
20130426,2100,59,379
20130427,1700,378,74
20130428,1400,58,1809
20130504,2000,379,614
20130504,2000,294,111271
20130504,2000,226,217
20130504,1700,1819,59
20130503,2100,1809,65
20130505,1400,74,72
20130504,2000,1823,66
20130505,1700,219,58
20130504,2000,70,378
20130505,2100,73,110456
20130511,2000,59,1823
20130512,1400,217,1819
20130511,2000,614,294
20130511,2000,378,226
20130511,1700,58,70
20130511,2000,111271,72
20130512,2100,66,73
20130512,1700,65,379
20130511,2000,110456,74
20130510,2100,219,1809
20130518,2100,74,614
20130518,2100,379,217
20130518,2100,294,59
20130518,2100,70,65
20130518,2100,1819,219
20130518,2100,72,66
20130518,2100,1823,58
20130518,2100,73,378
20130518,2100,226,1809
20130518,2100,111271,110456
20130526,2100,378,1823
20130526,2100,65,1819
20130526,2100,110456,294
20130526,2100,59,111271
20130526,2100,58,226
20130526,2100,1809,70
20130526,2100,614,72
20130526,2100,217,73
20130526,2100,219,379
20130526,2100,66,74
