3,0,5,1
3,0,5,2
3,0,5,3
3,0,5,4
3,0,6,1
3,0,6,2
3,0,6,3
3,0,6,4
5,1,8,1
6,2,8,2
6,1,9,1
5,2,9,2
8,2,11,1
9,2,11,2
8,1,13,1
9,1,13,2
19,1,22,1
19,2,22,2
19,3,22,3
19,4,22,4
19,5,22,5
19,6,22,6
19,7,23,1
19,8,23,2
19,9,23,3
19,10,24,1
19,11,24,2
19,12,24,3
19,13,24,4
19,14,24,5
19,15,24,6
19,16,24,7
19,17,24,8
19,18,24,9
20,1,25,1
20,2,25,2
20,3,26,1
20,4,26,2
20,5,26,3
16,1,27,1
16,2,27,2
16,3,27,3
16,4,27,4
17,1,28,1
17,2,28,2
17,3,29,1
18,1,30,1
18,2,30,2
22,0,32,1
23,0,32,2
24,0,32,3
26,0,32,4
22,0,33,1
24,0,33,2
30,0,33,3
26,0,33,4
22,0,34,1
24,0,34,2
28,0,34,3
26,0,34,4
25,0,35,1
23,0,35,2
24,0,35,3
29,0,35,4
22,0,36,1
24,0,36,2
24,0,36,3
27,0,36,4
22,0,37,1
24,0,37,2
30,0,37,3
27,0,37,4
22,0,38,1
24,0,38,2
28,0,38,3
27,0,38,4
25,0,39,1
23,0,39,2
24,0,39,3
27,0,39,4
32,1,41,1
32,2,41,2
32,3,41,3
32,4,41,4
33,1,42,1
33,2,42,2
33,3,42,3
33,4,42,4
34,1,43,1
34,2,43,2
34,3,43,3
34,4,43,4
35,1,44,1
35,2,44,2
35,3,44,3
35,4,44,4
36,1,45,1
36,2,45,2
36,3,45,3
36,4,45,4
37,1,46,1
37,2,46,2
37,3,46,3
37,4,46,4
38,1,47,1
38,2,47,2
38,3,47,3
38,4,47,4
39,1,48,1
39,2,48,2
39,3,48,3
39,4,48,4
41,1,50,1
42,2,50,2
43,1,51,1
44,2,51,2
45,1,52,1
46,2,52,2
47,1,53,1
48,2,53,2
42,1,54,1
41,2,54,2
44,1,55,1
43,2,55,2
46,1,56,1
45,2,56,2
48,1,57,1
47,2,57,2
50,1,59,1
51,1,59,2
52,1,60,1
53,1,60,2
54,1,61,1
55,1,61,2
56,1,62,1
57,1,62,2
59,1,64,1
60,1,64,2
61,1,65,1
62,1,65,2
64,2,67,1
65,2,67,2
64,1,69,1
65,1,69,2
73,0,77,1
74,0,77,2
74,0,77,3
74,0,77,4
75,0,77,5
75,0,77,6
73,0,78,1
73,0,78,2
73,0,78,3
73,0,78,4
73,0,78,5
74,0,79,1
74,0,79,2
74,0,79,3
74,0,79,4
74,0,79,5
74,0,79,6
74,0,79,7
74,0,79,8
75,0,79,9
75,0,79,10
75,0,79,11
75,0,79,12
75,0,79,13
75,0,79,14
75,0,79,15
79,0,81,1
79,0,81,2
79,0,81,3
79,0,81,4
79,0,81,5
79,0,81,6
79,0,81,7
79,0,81,8
79,0,81,9
79,0,81,10
79,0,81,11
77,1,83,1
77,2,83,2
77,3,83,3
77,4,83,4
77,5,83,5
77,6,83,6
86,0,91,1
87,0,91,2
88,0,91,3
89,0,91,4
86,0,92,1
87,0,92,2
88,0,92,3
89,0,92,4
86,0,93,1
87,0,93,2
88,0,93,3
89,0,93,4
86,0,94,1
87,0,94,2
88,0,94,3
89,0,94,4
91,1,96,1
92,2,96,2
93,1,97,1
94,2,97,2
92,1,98,1
91,2,98,2
94,1,99,1
93,2,99,2
96,1,101,1
97,1,101,2
98,1,102,1
99,1,102,2
101,1,104,1
102,1,104,2
107,0,111,1
108,0,111,2
108,0,111,3
108,0,111,4
109,0,111,5
109,0,111,6
107,0,112,1
107,0,112,2
107,0,112,3
107,0,112,4
107,0,112,5
108,0,113,1
108,0,113,2
108,0,113,3
108,0,113,4
108,0,113,5
108,0,113,6
108,0,113,7
108,0,113,8
109,0,113,9
109,0,113,10
109,0,113,11
109,0,113,12
109,0,113,13
109,0,113,14
109,0,113,15
113,0,115,1
113,0,115,2
113,0,115,3
113,0,115,4
113,0,115,5
113,0,115,6
113,0,115,7
113,0,115,8
113,0,115,9
111,1,117,1
111,2,117,2
111,3,117,3
111,4,117,4
111,5,117,5
111,6,117,6
125,1,127,1
125,2,127,2
125,3,127,3
125,4,127,4
125,5,127,5
125,6,127,6
125,7,127,7
125,8,127,8
125,9,127,9
125,10,127,10
125,11,127,11
125,12,127,12
125,13,127,13
125,14,127,14
125,15,127,15
125,16,127,16
125,17,127,17
125,18,127,18
125,19,127,19
125,20,127,20
127,1,129,1
127,2,129,2
127,3,129,3
127,4,129,4
127,5,129,5
127,6,129,6
127,7,129,7
127,8,129,8
127,9,129,9
127,10,129,10
127,11,130,1
127,12,130,2
127,13,130,3
127,14,130,4
127,15,130,5
127,16,130,6
127,17,130,7
127,18,130,8
127,19,130,9
127,20,130,10
130,0,132,1
129,0,132,2
130,0,133,1
129,0,133,2
130,0,134,1
129,0,134,2
130,0,135,1
129,0,135,2
130,0,136,1
129,0,136,2
130,0,137,1
129,0,137,2
130,0,138,1
129,0,138,2
130,0,139,1
129,0,139,2
130,0,140,1
129,0,140,2
130,0,141,1
129,0,141,2
123,1,143,1
124,1,144,1
124,2,144,2
124,3,144,3
124,4,144,4
124,5,144,5
124,6,144,6
124,7,144,7
124,8,144,8
124,9,144,9
124,10,144,10
124,11,144,11
124,12,144,12
124,13,144,13
124,14,144,14
124,15,144,15
124,16,144,16
124,17,144,17
124,18,144,18
124,19,144,19
124,20,144,20
124,21,144,21
132,1,144,22
133,1,144,23
134,1,144,24
135,1,144,25
136,1,144,26
137,1,144,27
138,1,144,28
139,1,144,29
140,1,144,30
141,1,144,31
143,1,146,1
144,1,146,2
144,2,146,3
144,3,146,4
144,4,146,5
144,5,146,6
144,6,146,7
144,7,146,8
144,8,147,1
144,9,147,2
144,10,147,3
144,11,147,4
144,12,147,5
144,13,147,6
144,14,147,7
144,15,147,8
144,16,148,1
144,17,148,2
144,18,148,3
144,19,148,4
144,20,148,5
144,21,148,6
144,22,148,7
144,23,148,8
144,24,149,1
144,25,149,2
144,26,149,3
144,27,149,4
144,28,149,5
144,29,149,6
144,30,149,7
144,31,149,8
146,0,151,1
147,0,151,2
148,0,151,3
149,0,151,4
146,0,152,1
147,0,152,2
148,0,152,3
149,0,152,4
146,0,153,1
147,0,153,2
148,0,153,3
149,0,153,4
146,0,154,1
147,0,154,2
148,0,154,3
149,0,154,4
146,0,155,1
147,0,155,2
148,0,155,3
149,0,155,4
146,0,156,1
147,0,156,2
148,0,156,3
149,0,156,4
146,0,157,1
147,0,157,2
148,0,157,3
149,0,157,4
146,0,158,1
147,0,158,2
148,0,158,3
149,0,158,4
151,1,160,1
152,1,160,2
153,1,160,3
154,1,160,4
155,1,160,5
156,1,160,6
157,1,160,7
158,1,160,8
151,2,161,1
152,2,161,2
153,2,161,3
154,2,161,4
155,2,161,5
156,2,161,6
157,2,161,7
158,2,161,8
161,0,163,1
160,0,163,2
161,0,164,1
160,0,164,2
161,0,165,1
160,0,165,2
161,0,166,1
160,0,166,2
161,0,167,1
160,0,167,2
161,0,168,1
160,0,168,2
161,0,169,1
160,0,169,2
161,0,170,1
160,0,170,2
163,1,172,1
164,1,172,2
165,1,172,3
166,1,172,4
167,1,172,5
168,1,172,6
169,1,172,7
170,1,172,8
172,1,174,1
172,2,174,2
172,3,175,1
172,4,175,2
172,5,176,1
172,6,176,2
172,7,177,1
172,8,177,2
174,1,179,1
175,1,179,2
176,1,179,3
177,1,179,4
179,1,181,1
179,2,181,2
179,3,182,1
179,4,182,2
181,1,184,1
182,1,184,2
189,1,191,1
189,2,191,2
189,3,191,3
189,4,191,4
189,5,191,5
189,6,191,6
189,7,191,7
189,8,191,8
189,9,191,9
189,10,191,10
189,11,191,11
189,12,191,12
189,13,191,13
189,14,191,14
189,15,191,15
189,16,191,16
189,17,191,17
189,18,191,18
189,19,191,19
189,20,191,20
189,21,191,21
189,22,191,22
189,23,191,23
189,24,191,24
189,25,191,25
189,26,191,26
189,27,191,27
189,28,191,28
189,29,191,29
189,30,191,30
189,31,191,31
189,32,191,32
189,33,191,33
189,34,191,34
189,35,191,35
189,36,191,36
189,37,191,37
189,38,191,38
189,39,191,39
189,40,191,40
189,41,191,41
189,42,191,42
189,43,191,43
189,44,191,44
191,1,193,1
191,2,193,2
191,3,193,3
191,4,193,4
191,5,193,5
191,6,193,6
191,7,193,7
191,8,193,8
191,9,193,9
191,10,193,10
191,11,193,11
191,12,193,12
191,13,193,13
191,14,193,14
191,15,193,15
191,16,193,16
191,17,193,17
191,18,193,18
191,19,193,19
191,20,193,20
191,21,193,21
191,22,193,22
191,23,194,1
191,24,194,2
191,25,194,3
191,26,194,4
191,27,194,5
191,28,194,6
191,29,194,7
191,30,194,8
191,31,194,9
191,32,194,10
191,33,194,11
191,34,194,12
191,35,194,13
191,36,194,14
191,37,194,15
191,38,194,16
191,39,194,17
191,40,194,18
191,41,194,19
191,42,194,20
191,43,194,21
191,44,194,22
193,0,196,1
194,0,196,2
193,0,197,1
194,0,197,2
193,0,198,1
194,0,198,2
193,0,199,1
194,0,199,2
193,0,200,1
194,0,200,2
193,0,201,1
194,0,201,2
193,0,202,1
194,0,202,2
193,0,203,1
194,0,203,2
193,0,204,1
194,0,204,2
193,0,205,1
194,0,205,2
193,0,206,1
194,0,206,2
193,0,207,1
194,0,207,2
193,0,208,1
194,0,208,2
193,0,209,1
194,0,209,2
193,0,210,1
194,0,210,2
193,0,211,1
194,0,211,2
193,0,212,1
194,0,212,2
193,0,213,1
194,0,213,2
193,0,214,1
194,0,214,2
193,0,215,1
194,0,215,2
193,0,216,1
194,0,216,2
193,0,217,1
194,0,217,2
187,1,219,1
188,1,220,1
188,2,220,2
188,3,220,3
188,4,220,4
188,5,220,5
188,6,220,6
188,7,220,7
188,8,220,8
188,9,220,9
188,10,220,10
188,11,220,11
188,12,220,12
188,13,220,13
188,14,220,14
188,15,220,15
196,1,220,16
197,1,220,17
198,1,220,18
199,1,220,19
200,1,220,20
201,1,220,21
202,1,220,22
203,1,220,23
204,1,220,24
205,1,220,25
206,1,220,26
207,1,220,27
208,1,220,28
209,1,220,29
210,1,220,30
211,1,220,31
212,1,220,32
213,1,220,33
214,1,220,34
215,1,220,35
216,1,220,36
217,1,220,37
132,2,220,38
133,2,220,39
134,2,220,40
135,2,220,41
136,2,220,42
137,2,220,43
138,2,220,44
139,2,220,45
140,2,220,46
141,2,220,47
219,1,222,1
220,1,222,2
220,2,222,3
220,3,222,4
220,4,222,5
220,5,222,6
220,6,222,7
220,7,222,8
220,8,222,9
220,9,222,10
220,10,222,11
220,11,222,12
220,12,223,1
220,13,223,2
220,14,223,3
220,15,223,4
220,16,223,5
220,17,223,6
220,18,223,7
220,19,223,8
220,20,223,9
220,21,223,10
220,22,223,11
220,23,223,12
220,24,224,1
220,25,224,2
220,26,224,3
220,27,224,4
220,28,224,5
220,29,224,6
220,30,224,7
220,31,224,8
220,32,224,9
220,33,224,10
220,34,224,11
220,35,224,12
220,36,225,1
220,37,225,2
220,38,225,3
220,39,225,4
220,40,225,5
220,41,225,6
220,42,225,7
220,43,225,8
220,44,225,9
220,45,225,10
220,46,225,11
220,47,225,12
222,0,227,1
223,0,227,2
224,0,227,3
225,0,227,4
222,0,228,1
223,0,228,2
224,0,228,3
225,0,228,4
222,0,229,1
223,0,229,2
224,0,229,3
225,0,229,4
222,0,230,1
223,0,230,2
224,0,230,3
225,0,230,4
222,0,231,1
223,0,231,2
224,0,231,3
225,0,231,4
222,0,232,1
223,0,232,2
224,0,232,3
225,0,232,4
222,0,233,1
223,0,233,2
224,0,233,3
225,0,233,4
222,0,234,1
223,0,234,2
224,0,234,3
225,0,234,4
222,0,235,1
223,0,235,2
224,0,235,3
225,0,235,4
222,0,236,1
223,0,236,2
224,0,236,3
225,0,236,4
222,0,237,1
223,0,237,2
224,0,237,3
225,0,237,4
222,0,238,1
223,0,238,2
224,0,238,3
225,0,238,4
151,3,240,1
152,3,240,2
153,3,240,3
154,3,240,4
155,3,240,5
156,3,240,6
157,3,240,7
158,3,240,8
227,1,242,1
228,1,242,2
229,1,242,3
230,1,242,4
231,1,242,5
232,1,242,6
233,1,242,7
234,1,242,8
235,1,242,9
236,1,242,10
237,1,242,11
238,1,242,12
240,1,242,13
240,2,242,14
240,3,242,15
240,4,242,16
227,2,243,1
228,2,243,2
229,2,243,3
230,2,243,4
231,2,243,5
232,2,243,6
233,2,243,7
234,2,243,8
235,2,243,9
236,2,243,10
237,2,243,11
238,2,243,12
240,5,243,13
240,6,243,14
240,7,243,15
240,8,243,16
243,0,245,1
242,0,245,2
243,0,246,1
242,0,246,2
243,0,247,1
242,0,247,2
243,0,248,1
242,0,248,2
243,0,249,1
242,0,249,2
243,0,250,1
242,0,250,2
243,0,251,1
242,0,251,2
243,0,252,1
242,0,252,2
243,0,253,1
242,0,253,2
243,0,254,1
242,0,254,2
243,0,255,1
242,0,255,2
243,0,256,1
242,0,256,2
243,0,257,1
242,0,257,2
243,0,258,1
242,0,258,2
243,0,259,1
242,0,259,2
243,0,260,1
242,0,260,2
245,1,262,1
246,1,262,2
247,1,262,3
248,1,262,4
249,1,262,5
250,1,262,6
251,1,262,7
252,1,262,8
253,1,262,9
254,1,262,10
255,1,262,11
256,1,262,12
257,1,262,13
258,1,262,14
259,1,262,15
260,1,262,16
262,1,264,1
262,2,264,2
262,3,265,1
262,4,265,2
262,5,266,1
262,6,266,2
262,7,267,1
262,8,267,2
262,9,268,1
262,10,268,2
262,11,269,1
262,12,269,2
262,13,270,1
262,14,270,2
262,15,271,1
262,16,271,2
264,1,273,1
265,1,273,2
266,1,273,3
267,1,273,4
268,1,273,5
269,1,273,6
270,1,273,7
271,1,273,8
273,1,275,1
273,2,275,2
273,3,276,1
273,4,276,2
273,5,277,1
273,6,277,2
273,7,278,1
273,8,278,2
275,1,280,1
276,1,280,2
277,1,280,3
278,1,280,4
280,1,282,1
280,2,282,2
280,3,283,1
280,4,283,2
282,1,285,1
283,1,285,2
289,7,291,1
289,9,291,2
289,8,292,1
289,10,292,2
289,1,294,1
291,1,294,2
289,2,295,1
292,1,295,2
289,3,296,1
289,6,296,2
289,4,297,1
289,5,297,2
294,1,299,1
297,1,299,2
295,1,300,1
296,1,300,2
299,1,302,1
300,1,302,2
309,1,311,1
309,16,311,2
309,2,312,1
309,15,312,2
309,3,313,1
309,14,313,2
309,4,314,1
309,13,314,2
309,5,315,1
309,12,315,2
309,6,316,1
309,11,316,2
309,7,317,1
309,10,317,2
309,8,318,1
309,9,318,2
311,1,320,1
318,1,320,2
312,1,321,1
317,1,321,2
313,1,322,1
316,1,322,2
314,1,323,1
315,1,323,2
320,1,325,1
323,1,325,2
321,1,326,1
322,1,326,2
325,1,328,1
326,1,328,2
331,1,333,1
331,2,333,2
331,3,333,3
331,4,333,4
331,5,333,5
331,6,333,6
337,5,339,1
337,12,339,2
337,6,340,1
337,11,340,2
337,7,341,1
337,10,341,2
337,8,342,1
337,9,342,2
337,1,344,1
342,1,344,2
337,2,345,1
341,1,345,2
337,3,346,1
340,1,346,2
337,4,347,1
339,1,347,2
344,1,349,1
347,1,349,2
345,1,350,1
346,1,350,2
349,1,352,1
350,1,352,2
362,1,364,1
362,2,364,2
362,3,364,3
362,4,364,4
362,5,364,5
362,6,364,6
362,7,364,7
362,8,364,8
362,9,364,9
362,10,364,10
362,11,364,11
362,12,364,12
362,13,364,13
362,14,364,14
362,15,364,15
362,16,364,16
362,17,364,17
362,18,364,18
362,19,364,19
362,20,364,20
362,21,364,21
362,22,364,22
362,23,364,23
362,24,364,24
364,1,366,1
364,2,366,2
364,3,367,1
364,4,367,2
364,5,368,1
364,6,368,2
364,7,369,1
364,8,369,2
364,9,370,1
364,10,370,2
364,11,371,1
364,12,371,2
364,13,372,1
364,14,372,2
364,15,373,1
364,16,373,2
366,2,375,1
366,1,375,2
367,2,376,1
367,1,376,2
368,2,377,1
368,1,377,2
369,2,378,1
369,1,378,2
370,2,379,1
370,1,379,2
371,2,380,1
371,1,380,2
372,2,381,1
372,1,381,2
373,2,382,1
373,1,382,2
364,17,384,25
364,18,384,26
364,19,384,27
364,20,384,28
364,21,384,29
364,22,384,30
364,23,384,31
364,24,384,32
375,1,384,33
376,1,384,34
377,1,384,35
378,1,384,36
379,1,384,37
380,1,384,38
381,1,384,39
382,1,384,40
384,1,386,1
384,2,386,2
384,3,387,1
384,4,387,2
384,5,388,1
384,6,388,2
384,7,389,1
384,8,389,2
384,9,390,1
384,10,390,2
384,11,391,1
384,12,391,2
384,13,392,1
384,14,392,2
384,15,393,1
384,16,393,2
384,17,394,1
384,18,394,2
384,19,395,1
384,20,395,2
384,21,396,1
384,22,396,2
384,23,397,1
384,24,397,2
384,25,398,1
384,26,398,2
384,27,399,1
384,28,399,2
384,29,400,1
384,30,400,2
384,31,401,1
384,32,401,2
384,33,402,1
384,34,402,2
384,35,403,1
384,36,403,2
384,37,404,1
384,38,404,2
384,39,405,1
384,40,405,2
386,2,407,1
386,1,407,2
387,2,408,1
387,1,408,2
388,2,409,1
388,1,409,2
389,2,410,1
389,1,410,2
390,2,411,1
390,1,411,2
391,2,412,1
391,1,412,2
392,2,413,1
392,1,413,2
393,2,414,1
393,1,414,2
394,2,415,1
394,1,415,2
395,2,416,1
395,1,416,2
396,2,417,1
396,1,417,2
397,2,418,1
397,1,418,2
398,2,419,1
398,1,419,2
399,2,420,1
399,1,420,2
400,2,421,1
400,1,421,2
401,2,422,1
401,1,422,2
402,2,423,1
402,1,423,2
403,2,424,1
403,1,424,2
404,2,425,1
404,1,425,2
405,2,426,1
405,1,426,2
407,1,428,45
408,1,428,46
409,1,428,47
410,1,428,48
411,1,428,49
412,1,428,50
413,1,428,51
414,1,428,52
415,1,428,53
416,1,428,54
417,1,428,55
418,1,428,56
419,1,428,57
420,1,428,58
421,1,428,59
422,1,428,60
423,1,428,61
424,1,428,62
425,1,428,63
426,1,428,64
428,1,430,1
428,2,430,2
428,3,431,1
428,4,431,2
428,5,432,1
428,6,432,2
428,7,433,1
428,8,433,2
428,9,434,1
428,10,434,2
428,11,435,1
428,12,435,2
428,13,436,1
428,14,436,2
428,15,437,1
428,16,437,2
428,17,438,1
428,18,438,2
428,19,439,1
428,20,439,2
428,21,440,1
428,22,440,2
428,23,441,1
428,24,441,2
428,25,442,1
428,26,442,2
428,27,443,1
428,28,443,2
428,29,444,1
428,30,444,2
428,31,445,1
428,32,445,2
428,33,446,1
428,34,446,2
428,35,447,1
428,36,447,2
428,37,448,1
428,38,448,2
428,39,449,1
428,40,449,2
428,41,450,1
428,42,450,2
428,43,451,1
428,44,451,2
428,45,452,1
428,46,452,2
428,47,453,1
428,48,453,2
428,49,454,1
428,50,454,2
428,51,455,1
428,52,455,2
428,53,456,1
428,54,456,2
428,55,457,1
428,56,457,2
428,57,458,1
428,58,458,2
428,59,459,1
428,60,459,2
428,61,460,1
428,62,460,2
428,63,461,1
428,64,461,2
430,2,463,1
430,1,463,2
431,2,464,1
431,1,464,2
432,2,465,1
432,1,465,2
433,2,466,1
433,1,466,2
434,2,467,1
434,1,467,2
435,2,468,1
435,1,468,2
436,2,469,1
436,1,469,2
437,2,470,1
437,1,470,2
438,2,471,1
438,1,471,2
439,2,472,1
439,1,472,2
440,2,473,1
440,1,473,2
441,2,474,1
441,1,474,2
442,2,475,1
442,1,475,2
443,2,476,1
443,1,476,2
444,2,477,1
444,1,477,2
445,2,478,1
445,1,478,2
446,2,479,1
446,1,479,2
447,2,480,1
447,1,480,2
448,2,481,1
448,1,481,2
449,2,482,1
449,1,482,2
450,2,483,1
450,1,483,2
451,2,484,1
451,1,484,2
452,2,485,1
452,1,485,2
453,2,486,1
453,1,486,2
454,2,487,1
454,1,487,2
455,2,488,1
455,1,488,2
456,2,489,1
456,1,489,2
457,2,490,1
457,1,490,2
458,2,491,1
458,1,491,2
459,2,492,1
459,1,492,2
460,2,493,1
460,1,493,2
461,2,494,1
461,1,494,2
463,1,496,1
464,1,496,2
465,1,496,3
466,1,496,4
467,1,496,5
468,1,496,6
469,1,496,7
470,1,496,8
471,1,496,9
472,1,496,10
473,1,496,11
474,1,496,12
475,1,496,13
476,1,496,14
477,1,496,15
478,1,496,16
479,1,496,17
480,1,496,18
481,1,496,19
482,1,496,20
483,1,496,21
484,1,496,22
485,1,496,23
486,1,496,24
487,1,496,25
488,1,496,26
489,1,496,27
490,1,496,28
491,1,496,29
492,1,496,30
493,1,496,31
494,1,496,32
496,1,498,1
496,2,498,2
496,3,499,1
496,4,499,2
496,5,500,1
496,6,500,2
496,7,501,1
496,8,501,2
496,9,502,1
496,10,502,2
496,11,503,1
496,12,503,2
496,13,504,1
496,14,504,2
496,15,505,1
496,16,505,2
496,17,506,1
496,18,506,2
496,19,507,1
496,20,507,2
496,21,508,1
496,22,508,2
496,23,509,1
496,24,509,2
496,25,510,1
496,26,510,2
496,27,511,1
496,28,511,2
496,29,512,1
496,30,512,2
496,31,513,1
496,32,513,2
498,2,515,1
498,1,515,2
499,2,516,1
499,1,516,2
500,2,517,1
500,1,517,2
501,2,518,1
501,1,518,2
502,2,519,1
502,1,519,2
503,2,520,1
503,1,520,2
504,2,521,1
504,1,521,2
505,2,522,1
505,1,522,2
506,2,523,1
506,1,523,2
507,2,524,1
507,1,524,2
508,2,525,1
508,1,525,2
509,2,526,1
509,1,526,2
510,2,527,1
510,1,527,2
511,2,528,1
511,1,528,2
512,2,529,1
512,1,529,2
513,2,530,1
513,1,530,2
515,1,532,1
516,1,532,2
517,1,532,3
518,1,532,4
519,1,532,5
520,1,532,6
521,1,532,7
522,1,532,8
523,1,532,9
524,1,532,10
525,1,532,11
526,1,532,12
527,1,532,13
528,1,532,14
529,1,532,15
530,1,532,16
532,1,534,1
532,2,534,2
532,3,535,1
532,4,535,2
532,5,536,1
532,6,536,2
532,7,537,1
532,8,537,2
532,9,538,1
532,10,538,2
532,11,539,1
532,12,539,2
532,13,540,1
532,14,540,2
532,15,541,1
532,16,541,2
534,2,543,1
534,1,543,2
535,2,544,1
535,1,544,2
536,2,545,1
536,1,545,2
537,2,546,1
537,1,546,2
538,2,547,1
538,1,547,2
539,2,548,1
539,1,548,2
540,2,549,1
540,1,549,2
541,2,550,1
541,1,550,2
543,1,552,1
544,1,552,2
545,1,552,3
546,1,552,4
547,1,552,5
548,1,552,6
549,1,552,7
550,1,552,8
552,1,554,1
552,2,554,2
552,3,555,1
552,4,555,2
552,5,556,1
552,6,556,2
552,7,557,1
552,8,557,2
554,2,559,1
554,1,559,2
555,2,560,1
555,1,560,2
556,2,561,1
556,1,561,2
557,2,562,1
557,1,562,2
559,1,564,1
560,1,564,2
561,1,564,3
562,1,564,4
564,1,566,1
564,2,566,2
564,3,567,1
564,4,567,2
566,1,569,1
567,1,569,2
572,1,575,1
572,2,575,2
572,3,575,3
572,4,575,4
572,5,575,5
572,6,575,6
572,7,575,7
572,8,575,8
572,9,575,9
572,10,575,10
572,11,575,11
572,12,575,12
572,13,575,13
572,14,575,14
572,15,575,15
572,16,575,16
572,17,575,17
572,18,575,18
572,19,575,19
572,20,575,20
572,21,575,21
572,22,575,22
572,23,575,23
572,24,575,24
572,25,575,25
572,26,575,26
572,27,575,27
572,28,575,28
572,29,575,29
572,30,575,30
572,31,575,31
572,32,575,32
572,33,575,33
572,34,575,34
572,35,575,35
572,36,575,36
572,37,575,37
572,38,575,38
572,39,575,39
572,40,575,40
572,41,575,41
572,42,575,42
572,43,575,43
572,44,575,44
572,45,575,45
572,46,575,46
572,47,575,47
572,48,575,48
572,49,575,49
572,50,575,50
572,51,575,51
572,52,575,52
572,53,575,53
572,54,575,54
572,55,575,55
572,56,575,56
572,57,575,57
572,58,575,58
572,59,575,59
572,60,575,60
572,61,575,61
572,62,575,62
572,63,575,63
572,64,575,64
572,65,575,65
572,66,575,66
572,67,575,67
572,68,575,68
572,69,575,69
572,70,575,70
572,71,575,71
572,72,575,72
575,1,577,1
575,2,577,2
575,3,578,1
575,4,578,2
575,5,579,1
575,6,579,2
575,7,580,1
575,8,580,2
575,9,581,1
575,10,581,2
575,11,582,1
575,12,582,2
575,13,583,1
575,14,583,2
575,15,584,1
575,16,584,2
575,17,585,1
575,18,585,2
575,19,586,1
575,20,586,2
575,21,587,1
575,22,587,2
575,23,588,1
575,24,588,2
575,25,589,1
575,26,589,2
575,27,590,1
575,28,590,2
575,29,591,1
575,30,591,2
575,31,592,1
575,32,592,2
575,33,593,1
575,34,593,2
575,35,594,1
575,36,594,2
575,37,595,1
575,38,595,2
575,39,596,1
575,40,596,2
575,41,597,1
575,42,597,2
575,43,598,1
575,44,598,2
575,45,599,1
575,46,599,2
575,47,600,1
575,48,600,2
575,49,601,1
575,50,601,2
575,51,602,1
575,52,602,2
575,53,603,1
575,54,603,2
575,55,604,1
575,56,604,2
575,57,605,1
575,58,605,2
575,59,606,1
575,60,606,2
575,61,607,1
575,62,607,2
575,63,608,1
575,64,608,2
575,65,609,1
575,66,609,2
575,67,610,1
575,68,610,2
575,69,611,1
575,70,611,2
575,71,612,1
575,72,612,2
573,9,614,1
573,10,614,2
573,11,614,3
573,12,614,4
573,13,614,5
573,14,614,6
573,15,614,7
573,16,614,8
573,17,614,9
573,18,614,10
573,19,614,11
573,20,614,12
577,1,614,13
578,1,614,14
579,1,614,15
580,1,614,16
581,1,614,17
582,1,614,18
583,1,614,19
584,1,614,20
585,1,614,21
586,1,614,22
587,1,614,23
588,1,614,24
589,1,614,25
590,1,614,26
591,1,614,27
592,1,614,28
593,1,614,29
594,1,614,30
595,1,614,31
596,1,614,32
597,1,614,33
598,1,614,34
599,1,614,35
600,1,614,36
601,1,614,37
602,1,614,38
603,1,614,39
604,1,614,40
605,1,614,41
606,1,614,42
607,1,614,43
608,1,614,44
609,1,614,45
610,1,614,46
611,1,614,47
612,1,614,48
614,1,616,1
614,2,616,2
614,3,617,1
614,4,617,2
614,5,618,1
614,6,618,2
614,7,619,1
614,8,619,2
614,9,620,1
614,10,620,2
614,11,621,1
614,12,621,2
614,13,622,1
614,14,622,2
614,15,623,1
614,16,623,2
614,17,624,1
614,18,624,2
614,19,625,1
614,20,625,2
614,21,626,1
614,22,626,2
614,23,627,1
614,24,627,2
614,25,628,1
614,26,628,2
614,27,629,1
614,28,629,2
614,29,630,1
614,30,630,2
614,31,631,1
614,32,631,2
614,33,632,1
614,34,632,2
614,35,633,1
614,36,633,2
614,37,634,1
614,38,634,2
614,39,635,1
614,40,635,2
614,41,636,1
614,42,636,2
614,43,637,1
614,44,637,2
614,45,638,1
614,46,638,2
614,47,639,1
614,48,639,2
573,1,641,1
573,2,641,2
573,3,641,3
573,4,641,4
573,5,641,5
573,6,641,6
573,7,641,7
573,8,641,8
616,1,641,9
617,1,641,10
618,1,641,11
619,1,641,12
620,1,641,13
621,1,641,14
622,1,641,15
623,1,641,16
624,1,641,17
625,1,641,18
626,1,641,19
627,1,641,20
628,1,641,21
629,1,641,22
630,1,641,23
631,1,641,24
632,1,641,25
633,1,641,26
634,1,641,27
635,1,641,28
636,1,641,29
637,1,641,30
638,1,641,31
639,1,641,32
641,1,643,1
641,2,643,2
641,3,644,1
641,4,644,2
641,5,645,1
641,6,645,2
641,7,646,1
641,8,646,2
641,9,647,1
641,10,647,2
641,11,648,1
641,12,648,2
641,13,649,1
641,14,649,2
641,15,650,1
641,16,650,2
641,17,651,1
641,18,651,2
641,19,652,1
641,20,652,2
641,21,653,1
641,22,653,2
641,23,654,1
641,24,654,2
641,25,655,1
641,26,655,2
641,27,656,1
641,28,656,2
641,29,657,1
641,30,657,2
641,31,658,1
641,32,658,2
643,1,660,1
644,1,660,2
645,1,660,3
646,1,660,4
647,1,660,5
648,1,660,6
649,1,660,7
650,1,660,8
651,1,660,9
652,1,660,10
653,1,660,11
654,1,660,12
655,1,660,13
656,1,660,14
657,1,660,15
658,1,660,16
660,1,662,1
660,2,662,2
660,3,663,1
660,4,663,2
660,5,664,1
660,6,664,2
660,7,665,1
660,8,665,2
660,9,666,1
660,10,666,2
660,11,667,1
660,12,667,2
660,13,668,1
660,14,668,2
660,15,669,1
660,16,669,2
662,1,671,1
663,1,671,2
664,1,671,3
665,1,671,4
666,1,671,5
667,1,671,6
668,1,671,7
669,1,671,8
671,1,673,1
671,2,673,2
671,3,674,1
671,4,674,2
671,5,675,1
671,6,675,2
671,7,676,1
671,8,676,2
673,1,678,1
674,1,678,2
675,1,678,3
676,1,678,4
678,1,680,1
678,2,680,2
678,3,681,1
678,4,681,2
680,1,683,1
681,1,683,2
686,1,688,1
686,2,688,2
686,3,688,3
686,4,688,4
686,5,688,5
686,6,688,6
686,7,688,7
686,8,688,8
686,9,688,9
686,10,688,10
686,11,688,11
686,12,688,12
686,13,688,13
686,14,688,14
686,15,688,15
686,16,688,16
686,17,688,17
686,18,688,18
686,19,688,19
686,20,688,20
686,21,688,21
686,22,688,22
686,23,688,23
686,24,688,24
686,25,688,25
686,26,688,26
686,27,688,27
686,28,688,28
686,29,688,29
686,30,688,30
686,31,688,31
686,32,688,32
686,33,688,33
686,34,688,34
686,35,688,35
686,36,688,36
686,37,688,37
686,38,688,38
686,39,688,39
686,40,688,40
686,41,688,41
686,42,688,42
686,43,688,43
686,44,688,44
686,45,688,45
686,46,688,46
686,47,688,47
686,48,688,48
688,1,690,1
688,2,690,2
688,3,690,3
688,4,690,4
688,5,690,5
688,6,690,6
688,7,690,7
688,8,690,8
688,25,691,1
688,26,691,2
688,27,691,3
688,28,691,4
688,29,691,5
688,30,691,6
688,31,691,7
688,32,691,8
688,9,694,1
688,10,694,2
688,11,695,1
688,12,695,2
688,13,696,1
688,14,696,2
688,15,697,1
688,16,697,2
688,17,699,1
688,18,699,2
688,19,700,1
688,20,700,2
688,21,701,1
688,22,701,2
688,23,702,1
688,24,702,2
688,33,704,1
688,34,704,2
688,35,705,1
688,36,705,2
688,37,706,1
688,38,706,2
688,39,707,1
688,40,707,2
688,41,709,1
688,42,709,2
688,43,710,1
688,44,710,2
688,45,711,1
688,46,711,2
688,47,712,1
688,48,712,2
690,1,714,1
690,2,714,2
690,3,714,3
690,4,714,4
690,5,714,5
690,6,714,6
690,7,714,7
690,8,714,8
694,1,714,9
695,1,714,10
696,1,714,11
697,1,714,12
699,1,714,13
700,1,714,14
701,1,714,15
702,1,714,16
691,1,715,1
691,2,715,2
691,3,715,3
691,4,715,4
691,5,715,5
691,6,715,6
691,7,715,7
691,8,715,8
704,1,715,9
705,1,715,10
706,1,715,11
707,1,715,12
709,1,715,13
710,1,715,14
711,1,715,15
712,1,715,16
714,1,718,1
714,2,718,2
714,3,719,1
714,4,719,2
714,5,720,1
714,6,720,2
714,7,721,1
714,8,721,2
714,9,722,1
714,10,722,2
714,11,723,1
714,12,723,2
714,13,724,1
714,14,724,2
714,15,725,1
714,16,725,2
715,1,727,1
715,2,727,2
715,3,728,1
715,4,728,2
715,5,729,1
715,6,729,2
715,7,730,1
715,8,730,2
715,9,731,1
715,10,731,2
715,11,732,1
715,12,732,2
715,13,733,1
715,14,733,2
715,15,734,1
715,16,734,2
718,1,736,1
719,1,736,2
720,1,736,3
721,1,736,4
722,1,736,5
723,1,736,6
724,1,736,7
725,1,736,8
727,1,737,1
728,1,737,2
729,1,737,3
730,1,737,4
731,1,737,5
732,1,737,6
733,1,737,7
734,1,737,8
736,1,740,1
736,2,740,2
736,3,741,1
736,4,741,2
736,5,742,1
736,6,742,2
736,7,743,1
736,8,743,2
737,1,745,1
737,2,745,2
737,3,746,1
737,4,746,2
737,5,747,1
737,6,747,2
737,7,748,1
737,8,748,2
740,1,750,1
741,1,750,2
742,1,750,3
743,1,750,4
745,1,751,1
746,1,751,2
747,1,751,3
748,1,751,4
750,1,754,1
750,2,754,2
750,3,755,1
750,4,755,2
751,1,757,1
751,2,757,2
751,3,758,1
751,4,758,2
754,1,760,1
755,1,760,2
757,1,761,1
758,1,761,2
760,1,763,1
761,1,763,2
769,6,780,1
769,3,780,2
769,5,781,1
769,4,781,2
781,1,783,1
780,1,783,2
772,6,788,1
772,3,788,2
772,5,789,1
772,4,789,2
789,1,791,1
788,1,791,2
775,7,796,1
775,4,796,2
775,6,797,1
775,5,797,2
797,1,799,1
796,1,799,2
807,1,809,1
807,2,809,2
807,3,809,3
807,4,809,4
807,5,809,5
807,6,809,6
807,7,809,7
807,8,809,8
807,9,809,9
807,10,809,10
807,11,809,11
807,12,809,12
807,13,809,13
807,14,809,14
807,15,809,15
807,16,809,16
807,17,809,17
807,18,809,18
807,19,809,19
807,20,809,20
809,1,811,1
809,2,811,2
809,3,812,1
809,4,812,2
809,5,813,1
809,6,813,2
809,7,814,1
809,8,814,2
809,9,815,1
809,10,815,2
809,11,816,1
809,12,816,2
809,13,817,1
809,14,817,2
809,15,818,1
809,16,818,2
806,1,820,1
806,2,820,2
806,3,820,3
806,4,820,4
806,5,820,5
806,6,820,6
806,7,820,7
806,8,820,8
806,9,820,9
806,10,820,10
806,11,820,11
806,12,820,12
806,13,820,13
806,14,820,14
806,15,820,15
806,16,820,16
806,17,820,17
806,18,820,18
806,19,820,19
806,20,820,20
809,17,820,21
809,18,820,22
809,19,820,23
809,20,820,24
811,1,820,25
812,1,820,26
813,1,820,27
814,1,820,28
815,1,820,29
816,1,820,30
817,1,820,31
818,1,820,32
820,1,822,1
820,2,822,2
820,3,823,1
820,4,823,2
820,5,824,1
820,6,824,2
820,7,825,1
820,8,825,2
820,9,826,1
820,10,826,2
820,11,827,1
820,12,827,2
820,13,828,1
820,14,828,2
820,15,829,1
820,16,829,2
820,17,830,1
820,18,830,2
820,19,831,1
820,20,831,2
820,21,832,1
820,22,832,2
820,23,833,1
820,24,833,2
820,25,834,1
820,26,834,2
820,27,835,1
820,28,835,2
820,29,836,1
820,30,836,2
820,31,837,1
820,32,837,2
822,1,839,1
823,1,839,2
824,1,839,3
825,1,839,4
826,1,839,5
827,1,839,6
828,1,839,7
829,1,839,8
830,1,839,9
831,1,839,10
832,1,839,11
833,1,839,12
834,1,839,13
835,1,839,14
836,1,839,15
837,1,839,16
839,1,841,1
839,2,841,2
839,3,842,1
839,4,842,2
839,5,843,1
839,6,843,2
839,7,844,1
839,8,844,2
839,9,845,1
839,10,845,2
839,11,846,1
839,12,846,2
839,13,847,1
839,14,847,2
839,15,848,1
839,16,848,2
841,1,850,1
842,1,850,2
843,1,850,3
844,1,850,4
845,1,850,5
846,1,850,6
847,1,850,7
848,1,850,8
850,1,852,1
850,2,852,2
850,3,853,1
850,4,853,2
850,5,854,1
850,6,854,2
850,7,855,1
850,8,855,2
852,1,857,1
853,1,857,2
854,1,857,3
855,1,857,4
857,1,859,1
857,2,859,2
857,3,860,1
857,4,860,2
859,1,862,1
860,1,862,2
866,1,868,1
866,2,868,2
866,3,868,3
866,4,868,4
866,5,868,5
866,6,868,6
866,7,868,7
866,8,868,8
866,9,868,9
866,10,868,10
866,11,868,11
866,12,868,12
866,13,868,13
866,14,868,14
866,15,868,15
866,16,868,16
866,17,868,17
866,18,868,18
866,19,868,19
866,20,868,20
868,1,870,1
868,2,870,2
868,3,871,1
868,4,871,2
868,5,872,1
868,6,872,2
868,7,873,1
868,8,873,2
868,9,874,1
868,10,874,2
868,11,875,1
868,12,875,2
868,13,876,1
868,14,876,2
868,15,877,1
868,16,877,2
865,1,879,1
865,2,879,2
865,3,879,3
865,4,879,4
865,5,879,5
865,6,879,6
865,7,879,7
865,8,879,8
865,9,879,9
865,10,879,10
865,11,879,11
865,12,879,12
865,13,879,13
865,14,879,14
865,15,879,15
865,16,879,16
865,17,879,17
865,18,879,18
865,19,879,19
865,20,879,20
868,17,879,21
868,18,879,22
868,19,879,23
868,20,879,24
870,1,879,25
871,1,879,26
872,1,879,27
873,1,879,28
874,1,879,29
875,1,879,30
876,1,879,31
877,1,879,32
879,1,881,1
879,2,881,2
879,3,882,1
879,4,882,2
879,5,883,1
879,6,883,2
879,7,884,1
879,8,884,2
879,9,885,1
879,10,885,2
879,11,886,1
879,12,886,2
879,13,887,1
879,14,887,2
879,15,888,1
879,16,888,2
879,17,889,1
879,18,889,2
879,19,890,1
879,20,890,2
879,21,891,1
879,22,891,2
879,23,892,1
879,24,892,2
879,25,893,1
879,26,893,2
879,27,894,1
879,28,894,2
879,29,895,1
879,30,895,2
879,31,896,1
879,32,896,2
881,1,898,1
882,1,898,2
883,1,898,3
884,1,898,4
885,1,898,5
886,1,898,6
887,1,898,7
888,1,898,8
889,1,898,9
890,1,898,10
891,1,898,11
892,1,898,12
893,1,898,13
894,1,898,14
895,1,898,15
896,1,898,16
898,1,900,1
898,2,900,2
898,3,901,1
898,4,901,2
898,5,902,1
898,6,902,2
898,7,903,1
898,8,903,2
898,9,904,1
898,10,904,2
898,11,905,1
898,12,905,2
898,13,906,1
898,14,906,2
898,15,907,1
898,16,907,2
900,1,909,1
901,1,909,2
902,1,909,3
903,1,909,4
904,1,909,5
905,1,909,6
906,1,909,7
907,1,909,8
909,1,911,1
909,2,911,2
909,3,912,1
909,4,912,2
909,5,913,1
909,6,913,2
909,7,914,1
909,8,914,2
911,1,916,1
912,1,916,2
913,1,916,3
914,1,916,4
916,1,918,1
916,2,918,2
916,3,919,1
916,4,919,2
918,1,921,1
919,1,921,2
932,1,934,1
932,2,934,2
932,3,934,3
932,4,934,4
932,5,934,5
932,6,934,6
932,7,934,7
932,8,934,8
932,9,934,9
932,10,934,10
932,11,934,11
932,12,934,12
932,13,934,13
932,14,934,14
932,15,934,15
932,16,934,16
932,17,934,17
932,18,934,18
934,1,936,1
934,2,936,2
934,3,937,1
934,4,937,2
934,5,938,1
934,6,938,2
934,7,939,1
934,8,939,2
931,1,941,1
931,2,941,2
931,3,941,3
931,4,941,4
931,5,941,5
931,6,941,6
931,7,941,7
931,8,941,8
931,9,941,9
931,10,941,10
931,11,941,11
931,12,941,12
931,13,941,13
931,14,941,14
931,15,941,15
931,16,941,16
931,17,941,17
931,18,941,18
934,9,941,19
934,10,941,20
934,11,941,21
934,12,941,22
934,13,941,23
934,14,941,24
934,15,941,25
934,16,941,26
934,17,941,27
934,18,941,28
936,1,941,29
937,1,941,30
938,1,941,31
939,1,941,32
941,1,943,1
941,2,943,2
941,3,944,1
941,4,944,2
941,5,945,1
941,6,945,2
941,7,946,1
941,8,946,2
941,9,947,1
941,10,947,2
941,11,948,1
941,12,948,2
941,13,949,1
941,14,949,2
941,15,950,1
941,16,950,2
941,17,951,1
941,18,951,2
941,19,952,1
941,20,952,2
941,21,953,1
941,22,953,2
941,23,954,1
941,24,954,2
941,25,955,1
941,26,955,2
941,27,956,1
941,28,956,2
941,29,957,1
941,30,957,2
941,31,958,1
941,32,958,2
943,1,960,1
944,1,960,2
945,1,960,3
946,1,960,4
947,1,960,5
948,1,960,6
949,1,960,7
950,1,960,8
951,1,960,9
952,1,960,10
953,1,960,11
954,1,960,12
955,1,960,13
956,1,960,14
957,1,960,15
958,1,960,16
960,1,962,1
960,2,962,2
960,3,963,1
960,4,963,2
960,5,964,1
960,6,964,2
960,7,965,1
960,8,965,2
960,9,966,1
960,10,966,2
960,11,967,1
960,12,967,2
960,13,968,1
960,14,968,2
960,15,969,1
960,16,969,2
962,1,971,1
963,1,971,2
964,1,971,3
965,1,971,4
966,1,971,5
967,1,971,6
968,1,971,7
969,1,971,8
971,1,973,1
971,2,973,2
971,3,974,1
971,4,974,2
971,5,975,1
971,6,975,2
971,7,976,1
971,8,976,2
973,1,978,1
974,1,978,2
975,1,978,3
976,1,978,4
978,1,980,1
978,2,980,2
978,3,981,1
978,4,981,2
980,1,983,1
981,1,983,2
986,16,994,1
989,3,994,2
998,11,1000,2
998,6,1000,1
998,7,1001,1
998,10,1001,2
998,8,1002,1
998,9,1002,2
1000,2,1004,1
1000,1,1004,2
1001,2,1005,1
1001,1,1005,2
1002,2,1006,1
1002,1,1006,2
998,1,1008,1
1004,1,1008,2
998,2,1009,1
1005,1,1009,2
998,3,1010,1
1006,1,1010,2
998,4,1011,1
998,5,1011,2
1008,2,1013,1
1008,1,1013,2
1009,2,1014,1
1009,1,1014,2
1010,2,1015,1
1010,1,1015,2
1011,2,1016,1
1011,1,1016,2
1013,1,1018,1
1016,1,1018,2
1014,1,1019,1
1015,1,1019,2
1018,1,1021,1
1019,1,1021,2
1032,1,1034,1
1032,2,1034,2
1032,3,1034,3
1032,4,1034,4
1032,5,1034,5
1032,6,1034,6
1032,7,1034,7
1032,8,1034,8
1032,9,1034,9
1032,10,1034,10
1032,11,1034,11
1032,12,1034,12
1032,13,1034,13
1032,14,1034,14
1032,15,1034,15
1032,16,1034,16
1032,17,1034,17
1032,18,1034,18
1032,19,1034,19
1032,20,1034,20
1032,21,1034,21
1032,22,1034,22
1034,19,1036,1
1034,20,1036,2
1034,21,1037,1
1034,22,1037,2
1031,9,1039,1
1034,1,1039,2
1034,16,1040,1
1037,1,1040,2
1031,13,1041,1
1034,5,1041,2
1031,20,1042,1
1034,12,1042,2
1031,12,1043,1
1034,4,1043,2
1034,13,1044,1
1034,18,1044,2
1031,16,1045,1
1034,8,1045,2
1031,17,1046,1
1034,9,1046,2
1031,10,1047,1
1034,2,1047,2
1034,15,1048,1
1036,1,1048,2
1031,14,1049,1
1034,6,1049,2
1031,19,1050,1
1034,11,1050,2
1031,11,1051,1
1034,3,1051,2
1034,14,1052,1
1034,17,1052,2
1031,15,1053,1
1034,7,1053,2
1031,18,1054,1
1034,10,1054,2
1039,1,1056,1
1040,1,1056,2
1041,1,1057,1
1042,1,1057,2
1043,1,1058,1
1044,1,1058,2
1045,1,1059,1
1046,1,1059,2
1047,1,1060,1
1048,1,1060,2
1049,1,1061,1
1050,1,1061,2
1051,1,1062,1
1052,1,1062,2
1053,1,1063,1
1054,1,1063,2
1031,1,1065,1
1063,1,1065,2
1031,8,1066,1
1056,1,1066,2
1031,4,1067,1
1060,1,1067,2
1031,5,1068,1
1059,1,1068,2
1031,2,1069,1
1062,1,1069,2
1031,7,1070,1
1057,1,1070,2
1031,3,1071,1
1061,1,1071,2
1031,6,1072,1
1058,1,1072,2
1065,1,1074,1
1066,1,1074,2
1067,1,1075,1
1068,1,1075,2
1069,1,1076,1
1070,1,1076,2
1071,1,1077,1
1072,1,1077,2
1074,1,1079,1
1075,1,1079,2
1076,1,1080,1
1077,1,1080,2
1079,1,1082,1
1080,1,1082,2
1092,15,1094,1
1092,18,1094,2
1092,16,1095,1
1092,17,1095,2
1092,1,1097,1
1094,1,1097,2
1092,2,1098,1
1095,1,1098,2
1092,3,1099,1
1092,14,1099,2
1092,4,1100,1
1092,13,1100,2
1092,5,1101,1
1092,12,1101,2
1092,6,1102,1
1092,11,1102,2
1092,7,1103,1
1092,10,1103,2
1092,8,1104,1
1092,9,1104,2
1097,1,1106,1
1104,1,1106,2
1098,1,1107,1
1103,1,1107,2
1099,1,1108,1
1102,1,1108,2
1100,1,1109,1
1101,1,1109,2
1106,1,1111,1
1109,1,1111,2
1107,1,1112,1
1108,1,1112,2
1111,1,1114,1
1112,1,1114,2
1121,1,1123,1
1121,16,1123,2
1121,2,1124,1
1121,15,1124,2
1121,3,1125,1
1121,14,1125,2
1121,4,1126,1
1121,13,1126,2
1121,5,1127,1
1121,12,1127,2
1121,6,1128,1
1121,11,1128,2
1121,7,1129,1
1121,10,1129,2
1121,8,1130,1
1121,9,1130,2
1123,1,1132,1
1130,1,1132,2
1124,1,1133,1
1129,1,1133,2
1125,1,1134,1
1128,1,1134,2
1126,1,1135,1
1127,1,1135,2
1132,1,1137,1
1135,1,1137,2
1133,1,1138,1
1134,1,1138,2
1137,1,1140,1
1138,1,1140,2
1147,1,1149,1
1147,16,1149,2
1147,2,1150,1
1147,15,1150,2
1147,3,1151,1
1147,14,1151,2
1147,4,1152,1
1147,13,1152,2
1147,5,1153,1
1147,12,1153,2
1147,6,1154,1
1147,11,1154,2
1147,7,1155,1
1147,10,1155,2
1147,8,1156,1
1147,9,1156,2
1149,1,1158,1
1156,1,1158,2
1150,1,1159,1
1155,1,1159,2
1151,1,1160,1
1154,1,1160,2
1152,1,1161,1
1153,1,1161,2
1158,1,1163,1
1161,1,1163,2
1159,1,1164,1
1160,1,1164,2
1163,1,1166,1
1164,1,1166,2
1173,1,1175,1
1173,16,1175,2
1173,2,1176,1
1173,15,1176,2
1173,3,1177,1
1173,14,1177,2
1173,4,1178,1
1173,13,1178,2
1173,5,1179,1
1173,12,1179,2
1173,6,1180,1
1173,11,1180,2
1173,7,1181,1
1173,10,1181,2
1173,8,1182,1
1173,9,1182,2
1175,1,1184,1
1182,1,1184,2
1176,1,1185,1
1181,1,1185,2
1177,1,1186,1
1180,1,1186,2
1178,1,1187,1
1179,1,1187,2
1184,1,1189,1
1187,1,1189,2
1185,1,1190,1
1186,1,1190,2
1189,1,1192,1
1190,1,1192,2
1199,1,1201,1
1199,16,1201,2
1199,2,1202,1
1199,15,1202,2
1199,3,1203,1
1199,14,1203,2
1199,4,1204,1
1199,13,1204,2
1199,5,1205,1
1199,12,1205,2
1199,6,1206,1
1199,11,1206,2
1199,7,1207,1
1199,10,1207,2
1199,8,1208,1
1199,9,1208,2
1201,1,1210,1
1208,1,1210,2
1202,1,1211,1
1207,1,1211,2
1203,1,1212,1
1206,1,1212,2
1204,1,1213,1
1205,1,1213,2
1210,1,1215,1
1213,1,1215,2
1211,1,1216,1
1212,1,1216,2
1215,1,1218,1
1216,1,1218,2
1225,5,1227,1
1225,12,1227,2
1225,6,1228,1
1225,11,1228,2
1225,7,1229,1
1225,10,1229,2
1225,8,1230,1
1225,9,1230,2
1227,2,1232,1
1227,1,1232,2
1228,2,1233,1
1228,1,1233,2
1229,2,1234,1
1229,1,1234,2
1230,2,1235,1
1230,1,1235,2
1225,1,1237,1
1232,1,1237,2
1225,2,1238,1
1233,1,1238,2
1225,3,1239,1
1234,1,1239,2
1225,4,1240,1
1235,1,1240,2
1237,2,1242,1
1237,1,1242,2
1238,2,1243,1
1238,1,1243,2
1239,2,1244,1
1239,1,1244,2
1240,2,1245,1
1240,1,1245,2
1242,1,1247,1
1245,1,1247,2
1243,1,1248,1
1244,1,1248,2
1247,1,1250,1
1248,1,1250,2
1253,1,1255,1
1253,2,1255,2
1253,3,1255,3
1253,4,1255,4
1253,5,1255,5
1253,6,1255,6
1253,7,1256,1
1253,8,1256,2
1253,9,1256,3
1253,10,1256,4
1253,11,1256,5
1253,12,1256,6
1264,1,1266,1
1264,2,1266,2
1264,3,1266,3
1264,4,1266,4
1264,5,1266,5
1264,6,1266,6
1264,7,1266,7
1264,8,1266,8
1264,9,1266,9
1264,10,1266,10
1264,11,1266,11
1264,12,1266,12
1264,13,1266,13
1264,14,1266,14
1264,15,1266,15
1264,16,1266,16
1264,17,1266,17
1264,18,1266,18
1264,19,1266,19
1264,20,1266,20
1264,21,1266,21
1264,22,1266,22
1266,3,1268,1
1266,4,1268,2
1266,5,1269,1
1266,6,1269,2
1266,7,1270,1
1266,8,1270,2
1266,9,1271,1
1266,10,1271,2
1266,11,1272,1
1266,12,1272,2
1266,13,1273,1
1266,14,1273,2
1266,15,1274,1
1266,16,1274,2
1266,17,1275,1
1266,18,1275,2
1266,19,1276,1
1266,20,1276,2
1266,21,1277,1
1266,22,1277,2
1263,1,1279,1
1266,1,1279,2
1263,8,1280,1
1272,1,1280,2
1263,9,1281,1
1271,1,1281,2
1263,16,1282,1
1263,17,1282,2
1263,4,1283,1
1276,1,1283,2
1263,5,1284,1
1275,1,1284,2
1263,12,1285,1
1268,1,1285,2
1263,13,1286,1
1263,20,1286,2
1263,2,1287,1
1266,2,1287,2
1263,7,1288,1
1273,1,1288,2
1263,10,1289,1
1270,1,1289,2
1263,15,1290,1
1263,18,1290,2
1263,3,1291,1
1277,1,1291,2
1263,6,1292,1
1274,1,1292,2
1263,11,1293,1
1269,1,1293,2
1263,14,1294,1
1263,19,1294,2
1279,1,1296,1
1280,1,1296,2
1281,1,1297,1
1282,1,1297,2
1283,1,1298,1
1284,1,1298,2
1285,1,1299,1
1286,1,1299,2
1287,1,1300,1
1288,1,1300,2
1289,1,1301,1
1290,1,1301,2
1291,1,1302,1
1292,1,1302,2
1293,1,1303,1
1294,1,1303,2
1296,1,1305,1
1297,1,1305,2
1298,1,1306,1
1299,1,1306,2
1300,1,1307,1
1301,1,1307,2
1302,1,1308,1
1303,1,1308,2
1305,1,1310,1
1306,1,1310,2
1307,1,1311,1
1308,1,1311,2
1310,1,1313,1
1311,1,1313,2
1319,6,1324,1
1319,3,1324,2
1319,5,1325,1
1319,4,1325,2
1325,1,1327,1
1324,1,1327,2
1331,1,1333,1
1331,16,1333,2
1331,2,1334,1
1331,15,1334,2
1331,3,1335,1
1331,14,1335,2
1331,4,1336,1
1331,13,1336,2
1331,5,1337,1
1331,12,1337,2
1331,6,1338,1
1331,11,1338,2
1331,7,1339,1
1331,10,1339,2
1331,8,1340,1
1331,9,1340,2
1333,1,1342,1
1340,1,1342,2
1334,1,1343,1
1339,1,1343,2
1335,1,1344,1
1338,1,1344,2
1336,1,1345,1
1337,1,1345,2
1342,1,1347,1
1345,1,1347,2
1343,1,1348,1
1344,1,1348,2
1347,1,1350,1
1348,1,1350,2
1357,7,1359,1
1357,10,1359,2
1357,8,1360,1
1357,9,1360,2
1357,1,1362,1
1359,1,1362,2
1357,2,1363,1
1360,1,1363,2
1357,3,1364,1
1357,6,1364,2
1357,4,1365,1
1357,5,1365,2
1362,1,1367,1
1365,1,1367,2
1363,1,1368,1
1364,1,1368,2
1367,1,1370,1
1368,1,1370,2
1377,0,1379,1
1383,13,1385,1
1383,16,1385,2
1383,14,1386,1
1383,15,1386,2
1383,7,1388,1
1385,1,1388,2
1383,9,1389,1
1383,12,1389,2
1383,8,1390,1
1386,1,1390,2
1383,10,1391,1
1383,11,1391,2
1388,1,1393,1
1389,1,1393,2
1390,1,1394,1
1391,1,1394,2
1383,1,1396,1
1393,1,1396,2
1383,3,1397,1
1383,6,1397,2
1383,2,1398,1
1394,1,1398,2
1383,5,1399,1
1383,4,1399,2
1397,1,1401,2
1396,1,1401,1
1398,1,1402,1
1399,1,1402,2
1401,1,1404,1
1402,1,1404,2
1407,4,1410,1
1407,5,1410,2
1408,4,1411,1
1408,5,1411,2
1410,1,1414,1
1407,1,1414,2
1407,3,1415,1
1407,2,1415,2
1411,1,1417,1
1408,1,1417,2
1408,3,1418,1
1408,2,1418,2
1414,1,1420,1
1415,1,1420,2
1417,1,1421,1
1418,1,1421,2
1420,2,1423,1
1420,1,1423,2
1421,2,1424,1
1421,1,1424,2
1423,1,1426,1
1424,1,1426,2
1426,1,1428,1
1426,2,1428,2
1432,8,1434,1
1432,1,1434,2
1432,7,1435,1
1432,2,1435,2
1432,6,1436,1
1432,3,1436,2
1432,5,1437,1
1432,4,1437,2
1434,1,1439,1
1435,1,1439,2
1436,1,1439,3
1437,1,1439,4
1439,4,1441,1
1439,1,1441,2
1439,3,1442,1
1439,2,1442,2
1441,1,1444,1
1442,1,1444,2
1444,2,1446,1
1444,1,1446,2
1449,8,1451,1
1449,1,1451,2
1449,7,1452,1
1449,2,1452,2
1449,6,1453,1
1449,3,1453,2
1449,5,1454,1
1449,4,1454,2
1451,1,1456,1
1452,1,1456,2
1453,1,1456,3
1454,1,1456,4
1456,4,1458,1
1456,1,1458,2
1456,3,1459,1
1456,2,1459,2
1458,1,1461,1
1459,1,1461,2
1461,2,1463,1
1461,1,1463,2
1470,0,1472,1
1476,3,1478,1
1476,6,1478,2
1476,4,1479,1
1476,5,1479,2
1478,1,1481,1
1479,1,1481,2
1476,1,1483,1
1481,2,1483,2
1476,2,1484,1
1481,1,1484,2
1483,1,1486,1
1484,1,1486,2
1486,1,1488,1
1486,2,1488,2
1492,3,1494,1
1492,6,1494,2
1492,4,1495,1
1492,5,1495,2
1494,1,1497,1
1495,1,1497,2
1492,2,1499,1
1497,1,1499,2
1492,1,1501,1
1499,1,1501,2
1505,3,1507,1
1505,14,1507,2
1505,4,1508,1
1505,13,1508,2
1505,5,1509,1
1505,12,1509,2
1505,6,1510,1
1505,11,1510,2
1505,7,1511,1
1505,10,1511,2
1505,8,1512,1
1505,9,1512,2
1505,1,1514,1
1510,1,1514,2
1507,1,1515,1
1512,1,1515,2
1508,1,1516,1
1511,1,1516,2
1505,2,1517,1
1509,1,1517,2
1514,1,1519,1
1517,1,1519,2
1515,1,1520,1
1516,1,1520,2
1519,1,1522,1
1520,1,1522,2
1522,1,1528,1
1522,2,1528,2
1525,-1,1528,3
1525,-1,1528,4
1525,-1,1528,5
1525,-1,1528,6
1525,-1,1528,7
1525,-1,1528,8
1528,1,1530,1
1528,8,1530,2
1528,2,1531,1
1528,7,1531,2
1528,3,1532,1
1528,6,1532,2
1528,4,1533,1
1528,5,1533,2
1530,1,1535,1
1533,1,1535,2
1531,1,1536,1
1532,1,1536,2
1535,2,1538,1
1536,2,1538,2
1535,1,1540,1
1536,1,1540,2
1547,1,1550,1
1547,2,1550,2
1547,3,1550,3
1547,4,1551,1
1547,5,1551,2
1547,6,1551,3
1547,7,1552,1
1547,8,1552,2
1547,9,1552,3
1547,10,1553,1
1548,1,1553,2
1548,2,1553,3
1550,0,1555,1
1551,0,1555,2
1552,0,1555,3
1553,0,1555,4
1550,0,1556,1
1551,0,1556,2
1552,0,1556,3
1553,0,1556,4
1550,0,1557,1
1551,0,1557,2
1552,0,1557,3
1553,0,1557,4
1555,3,1559,1
1556,3,1559,2
1557,3,1559,3
1559,1,1561,1
1559,2,1561,2
1555,1,1563,1
1561,0,1563,2
1555,2,1564,1
1557,2,1564,2
1556,1,1565,1
1561,0,1565,2
1557,1,1566,1
1556,2,1566,2
1563,1,1568,1
1564,1,1568,2
1565,1,1569,1
1566,1,1569,2
1568,2,1571,1
1569,2,1571,2
1568,1,1573,1
1569,1,1573,2
1577,13,1579,1
1577,20,1579,2
1577,14,1580,1
1577,19,1580,2
1577,15,1581,1
1577,18,1581,2
1577,16,1582,1
1577,17,1582,2
1577,1,1584,1
1579,1,1584,2
1577,2,1585,1
1580,1,1585,2
1577,3,1586,1
1581,1,1586,2
1577,4,1587,1
1582,1,1587,2
1577,5,1588,1
1577,12,1588,2
1577,6,1589,1
1577,11,1589,2
1577,7,1590,1
1577,10,1590,2
1577,8,1591,1
1577,9,1591,2
1584,1,1593,1
1591,1,1593,2
1585,1,1594,1
1590,1,1594,2
1586,1,1595,1
1589,1,1595,2
1587,1,1596,1
1588,1,1596,2
1593,1,1598,1
1596,1,1598,2
1594,1,1599,1
1595,1,1599,2
1598,1,1601,1
1599,1,1601,2
1608,0,1610,1
