5,175,1,1,1,1200
5,175,1,1,1,1600
5,178,2,1,1,1200
5,178,2,1,1,1600
5,181,3,1,1,1200
5,181,3,1,1,1600
6,176,1,1,1,1200
6,176,1,1,1,1600
6,179,2,1,1,1200
6,179,2,1,1,1600
6,182,3,1,1,1200
6,182,3,1,1,1600
8,185,1,1,1,1600
9,186,1,1,1,1600
11,188,1,1,1,1600
13,189,1,1,1,1600
41,172,1,1,1,1200
41,172,1,1,1,1400
41,176,2,1,1,1600
41,177,2,1,1,1200
41,182,3,2,2,1600
42,172,1,1,1,1600
42,172,1,1,1,1800
42,177,2,1,1,1400
42,177,2,1,1,1600
42,182,3,2,2,1600
43,173,1,1,1,1200
43,173,1,1,1,1400
43,178,2,1,1,1200
43,178,2,1,1,1400
43,183,3,2,2,1600
44,173,1,1,1,1600
44,173,1,1,1,1800
44,178,2,1,1,1600
44,179,2,1,1,1200
44,183,3,2,2,1600
45,174,1,1,1,1200
45,174,1,1,1,1400
45,179,2,1,1,1400
45,179,2,1,1,1600
45,184,3,2,2,1600
46,174,1,1,1,1600
46,175,1,1,1,1200
46,180,2,1,1,1200
46,180,2,1,1,1400
46,184,3,2,2,1600
47,175,1,1,1,1400
47,175,1,1,1,1600
47,180,2,1,1,1600
47,181,2,1,1,1200
47,185,3,2,2,1600
48,176,1,1,1,1200
48,176,1,1,1,1400
48,181,2,1,1,1400
48,181,2,1,1,1600
48,185,3,2,2,1600
50,186,1,1,1,1900
51,186,1,1,1,2045
52,187,1,1,1,1900
53,187,1,1,1,2045
54,188,1,1,1,1900
55,188,1,1,1,2045
56,189,1,1,1,1900
57,189,1,1,1,2045
59,193,1,1,1,1900
60,193,1,1,1,2045
61,194,1,1,1,1900
62,194,1,1,1,2045
64,198,1,1,1,2045
65,199,1,1,1,2045
67,202,1,1,1,2045
69,203,1,1,1,2045
82,251,1,20,20,1945
82,255,2,20,20,1600
82,286,3,20,20,1945
82,290,4,20,20,1600
82,447,5,20,20,1945
82,451,6,20,20,1945
82,412,7,20,20,1600
82,416,8,20,20,1945
82,622,9,20,20,1600
82,626,10,20,20,1945
91,174,1,1,1,1800
91,174,1,1,1,2045
91,178,2,1,1,1800
91,178,2,1,1,2045
91,182,3,2,2,2045
92,175,1,1,1,1900
92,175,1,1,1,2145
92,179,2,1,1,1900
92,179,2,1,1,2145
92,183,3,2,2,2145
93,176,1,1,1,1800
93,176,1,1,1,2045
93,180,2,1,1,1800
93,180,2,1,1,2045
93,184,3,2,2,2045
94,177,1,1,1,1900
94,177,1,1,1,2145
94,181,2,1,1,1900
94,181,2,1,1,2145
94,185,3,2,2,2145
96,186,1,1,1,2045
97,187,1,1,1,2045
98,188,1,1,1,2145
99,189,1,1,1,2145
101,192,1,1,1,2145
102,193,1,1,1,2045
104,196,1,1,1,2145
116,251,1,20,20,1945
116,255,2,20,20,1600
116,286,3,20,20,1945
116,290,4,20,20,1600
116,447,5,20,20,1945
116,451,6,20,20,1945
116,412,7,20,20,1600
116,416,8,20,20,1945
116,622,9,20,20,1600
116,626,10,20,20,1945
119,243,1,1,1,1945
131,233,1,5,5,1945
131,234,1,5,5,1945
131,240,2,5,5,1945
131,241,2,5,5,1945
151,262,1,2,2,1945
151,275,2,2,2,1945
151,296,3,2,2,1945
151,311,4,2,2,1945
151,331,5,2,2,1945
151,346,6,2,2,1945
152,262,1,2,2,1945
152,275,2,2,2,1945
152,296,3,2,2,1945
152,311,4,2,2,1945
152,331,5,2,2,1945
152,346,6,2,2,1945
153,262,1,2,2,1945
153,275,2,2,2,1945
153,296,3,2,2,1945
153,311,4,2,2,1945
153,331,5,2,2,1945
153,346,6,2,2,1945
154,262,1,2,2,1945
154,275,2,2,2,1945
154,296,3,2,2,1945
154,311,4,2,2,1945
154,331,5,2,2,1945
154,346,6,2,2,1945
155,261,1,2,2,1945
155,276,2,2,2,1945
155,297,3,2,2,1945
155,310,4,2,2,1945
155,332,5,2,2,1945
155,345,6,2,2,1945
156,261,1,2,2,1945
156,276,2,2,2,1945
156,297,3,2,2,1945
156,310,4,2,2,1945
156,332,5,2,2,1945
156,345,6,2,2,1945
157,261,1,2,2,1945
157,276,2,2,2,1945
157,297,3,2,2,1945
157,310,4,2,2,1945
157,332,5,2,2,1945
157,345,6,2,2,1945
158,261,1,2,2,1945
158,276,2,2,2,1945
158,297,3,2,2,1945
158,310,4,2,2,1945
158,332,5,2,2,1945
158,345,6,2,2,1945
163,415,1,1,1,1945
163,437,2,1,1,1945
164,415,1,1,1,1945
164,437,2,1,1,1945
165,416,1,1,1,1945
165,436,2,1,1,1945
166,416,1,1,1,1945
166,436,2,1,1,1945
167,422,1,1,1,1945
167,444,2,1,1,1945
168,422,1,1,1,1945
168,444,2,1,1,1945
169,423,1,1,1,1945
169,443,2,1,1,1945
170,423,1,1,1,1945
170,443,2,1,1,1945
174,457,1,1,1,1945
174,465,2,1,1,1945
175,458,1,1,1,1945
175,464,2,1,1,1945
176,457,1,1,1,1945
176,465,2,1,1,1945
177,458,1,1,1,1945
177,464,2,1,1,1945
181,478,1,1,1,1945
181,486,2,1,1,1945
182,479,1,1,1,1945
182,485,2,1,1,1945
183,517,1,1,1,1945
195,235,1,22,22,1945
195,242,2,22,22,1945
227,263,1,2,2,1945
227,277,2,2,2,1945
227,298,3,2,2,1945
227,312,4,2,2,1945
227,339,5,2,2,1945
227,354,6,2,2,1945
228,263,1,2,2,1945
228,277,2,2,2,1945
228,298,3,2,2,1945
228,312,4,2,2,1945
228,339,5,2,2,1945
228,354,6,2,2,1945
229,263,1,2,2,1945
229,277,2,2,2,1945
229,298,3,2,2,1945
229,312,4,2,2,1945
229,339,5,2,2,1945
229,354,6,2,2,1945
230,263,1,2,2,1945
230,277,2,2,2,1945
230,298,3,2,2,1945
230,312,4,2,2,1945
230,340,5,2,2,1945
230,353,6,2,2,1945
231,263,1,2,2,1945
231,277,2,2,2,1945
231,298,3,2,2,1945
231,312,4,2,2,1945
231,340,5,2,2,1945
231,353,6,2,2,1945
232,263,1,2,2,1945
232,277,2,2,2,1945
232,298,3,2,2,1945
232,312,4,2,2,1945
232,340,5,2,2,1945
232,353,6,2,2,1945
233,263,1,2,2,1945
233,277,2,2,2,1945
233,298,3,2,2,1945
233,312,4,2,2,1945
233,339,5,2,2,1945
233,354,6,2,2,1945
234,263,1,2,2,1945
234,277,2,2,2,1945
234,298,3,2,2,1945
234,312,4,2,2,1945
234,339,5,2,2,1945
234,354,6,2,2,1945
235,263,1,2,2,1945
235,277,2,2,2,1945
235,298,3,2,2,1945
235,312,4,2,2,1945
235,339,5,2,2,1945
235,354,6,2,2,1945
236,263,1,2,2,1945
236,277,2,2,2,1945
236,298,3,2,2,1945
236,312,4,2,2,1945
236,340,5,2,2,1945
236,353,6,2,2,1945
237,263,1,2,2,1945
237,277,2,2,2,1945
237,298,3,2,2,1945
237,312,4,2,2,1945
237,340,5,2,2,1945
237,353,6,2,2,1945
238,263,1,2,2,1945
238,277,2,2,2,1945
238,298,3,2,2,1945
238,312,4,2,2,1945
238,340,5,2,2,1945
238,353,6,2,2,1945
244,417,1,16,16,1945
244,424,2,16,16,1945
263,438,1,8,8,1945
263,445,2,8,8,1945
274,459,1,4,4,1945
274,466,2,4,4,1945
281,480,1,2,2,1945
281,487,2,2,2,1945
284,507,1,1,1,1945
290,303,1,0,4,1900
290,304,1,0,1,1900
293,457,1,0,3,1900
293,458,1,0,3,1900
293,460,1,0,0,1945
293,461,1,0,0,1600
298,471,1,1,1,1900
298,472,1,1,1,1900
301,511,1,1,1,1630
304,202,1,4,5,1800
304,203,1,1,5,1830
304,209,2,4,5,1800
304,210,2,1,5,1830
304,216,3,4,5,1800
304,217,3,1,5,1830
304,223,4,4,5,1800
304,224,4,1,5,1830
304,230,5,4,5,1800
304,231,5,1,5,1830
304,237,6,4,5,1800
304,238,6,1,5,1830
304,244,7,4,5,1800
304,245,7,1,5,1830
304,258,8,4,5,1800
304,259,8,1,5,1830
304,265,9,4,5,1800
304,266,9,1,5,1830
304,272,10,4,5,1800
304,273,10,1,5,1830
304,279,11,4,5,1800
304,280,11,1,5,1830
304,293,12,4,5,1800
304,294,12,1,5,1830
304,300,13,4,5,1800
304,301,13,1,5,1830
304,307,14,4,5,1800
304,308,14,1,5,1830
304,314,15,4,5,1800
304,315,15,1,5,1830
304,328,16,4,5,1800
304,329,16,1,5,1830
304,335,17,4,5,1800
304,336,17,1,5,1830
304,342,18,4,5,1800
304,343,18,1,5,1830
304,349,19,4,5,1800
304,350,19,1,5,1830
304,412,20,4,5,1800
304,413,20,1,5,1830
304,419,21,4,5,1800
304,420,21,1,5,1830
304,426,22,4,5,1800
304,427,22,1,5,1830
304,433,23,4,5,1800
304,434,23,1,5,1830
304,440,24,4,5,1800
304,441,24,1,5,1830
304,454,25,4,5,1800
304,455,25,1,5,1830
304,468,26,4,5,1800
304,469,26,1,5,1830
304,475,27,4,5,1800
304,476,27,1,5,1830
304,482,28,4,5,1800
304,483,28,1,5,1830
304,489,29,4,5,1800
304,490,29,1,5,1830
304,496,30,4,5,1800
304,497,30,1,5,1830
304,504,31,10,10,1800
304,430,32,10,10,2030
304,493,33,10,10,2030
304,500,34,10,10,2030
304,318,35,10,10,2030
304,283,36,10,10,2030
304,220,37,10,10,2030
304,269,38,10,10,2030
310,360,1,8,8,2030
319,388,1,4,4,2030
319,395,2,4,4,2030
324,454,1,2,2,2030
324,458,2,2,2,2030
324,460,2,0,0,1945
324,461,2,0,0,1600
327,510,1,1,1,2030
330,215,1,1,1,2030
330,216,1,0,2,1800
330,216,1,3,5,1830
330,217,1,1,2,2030
330,222,2,1,1,2030
330,223,2,0,2,1800
330,223,2,3,5,1830
330,224,2,1,2,2030
330,229,3,1,1,2030
330,230,3,0,2,1800
330,230,3,3,5,1830
330,231,3,1,2,2030
330,236,4,1,1,2030
330,237,4,0,2,1800
330,237,4,3,5,1830
330,238,4,1,2,2030
330,243,5,1,1,2030
330,244,5,0,2,1800
330,244,5,3,5,1830
330,245,5,1,2,2030
330,257,6,1,1,2030
330,258,6,0,2,1800
330,258,6,3,5,1830
330,259,6,1,2,2030
330,264,7,1,1,2030
330,265,7,0,2,1800
330,265,7,3,5,1830
330,266,7,1,2,2030
330,271,8,1,1,2030
330,272,8,0,2,1800
330,272,8,3,5,1830
330,273,8,1,2,2030
330,278,9,1,1,2030
330,279,9,0,2,1800
330,279,9,3,5,1830
330,280,9,1,2,2030
330,292,10,1,1,2030
330,293,10,0,2,1800
330,293,10,3,5,1830
330,294,10,1,2,2030
330,299,11,1,1,2030
330,300,11,0,2,1800
330,300,11,3,5,1830
330,301,11,1,2,2030
330,306,12,1,1,2030
330,307,12,0,2,1800
330,307,12,3,5,1830
330,308,12,1,2,2030
330,313,13,1,1,2030
330,314,13,0,2,1800
330,314,13,3,5,1830
330,315,13,1,2,2030
330,327,14,1,1,2030
330,328,14,0,2,1800
330,328,14,3,5,1830
330,329,14,1,2,2030
330,334,15,1,1,2030
330,335,15,0,2,1800
330,335,15,3,5,1830
330,336,15,1,2,2030
330,341,16,1,1,2030
330,342,16,0,2,1800
330,342,16,3,5,1830
330,343,16,1,2,2030
330,348,17,1,1,2030
330,349,17,0,2,1800
330,349,17,3,5,1830
330,350,17,1,2,2030
330,355,18,1,1,2030
330,356,18,0,2,1800
330,356,18,3,5,1830
330,357,18,1,2,2030
330,376,19,1,1,2030
330,377,19,0,2,1800
330,377,19,3,5,1830
330,378,19,1,2,2030
330,384,20,0,2,1800
330,384,20,3,5,1830
330,384,20,1,1,2030
330,385,20,1,2,2030
330,390,21,1,1,2030
330,391,21,0,2,1800
330,391,21,3,5,1830
330,392,21,1,2,2030
330,397,22,1,1,2030
330,398,22,0,2,1800
330,398,22,3,5,1830
330,399,22,1,2,2030
330,411,23,1,1,2030
330,412,23,0,2,1800
330,412,23,3,5,1830
330,413,23,1,2,2030
330,418,24,1,1,2030
330,419,24,0,2,1800
330,419,24,3,5,1830
330,420,24,1,2,2030
330,425,25,1,1,2030
330,426,25,0,2,1800
330,426,25,3,5,1830
330,427,25,1,2,2030
330,433,26,0,2,1800
330,433,26,3,5,1830
330,433,26,1,1,2030
330,434,26,1,2,2030
330,441,27,10,10,2030
330,430,28,10,10,2030
330,402,29,10,10,2030
330,381,30,10,10,2000
332,467,1,1,1,1600
332,468,1,3,3,1600
332,471,2,3,3,1600
332,476,3,3,3,1600
332,474,4,3,3,1945
332,482,5,1,1,1600
332,483,5,2,2,1600
332,489,6,1,1,1600
332,490,6,2,2,1600
332,496,7,2,2,1600
332,497,7,2,2,1600
332,499,8,1,1,1600
332,500,8,2,2,1600
332,503,9,3,3,1600
332,493,10,3,3,1600
338,270,1,4,4,1900
343,430,1,4,4,1900
349,472,1,1,1,1900
349,500,2,1,1,1900
350,473,1,1,1,1900
350,499,2,1,1,1800
351,511,1,1,1,1700
354,202,1,1,2,1700
354,203,1,2,4,1500
354,204,1,0,1,2000
354,209,2,1,2,1700
354,210,2,2,4,1500
354,211,2,0,1,2000
354,216,3,1,2,1700
354,217,3,2,4,1500
354,218,3,0,1,2000
354,223,4,1,2,1700
354,224,4,2,4,1500
354,225,4,0,1,2000
354,230,5,1,2,1700
354,231,5,2,4,1500
354,232,5,0,1,2000
354,237,6,1,2,1700
354,238,6,2,4,1500
354,239,6,0,1,2000
354,244,7,1,2,1700
354,245,7,2,4,1500
354,246,7,0,1,2000
354,258,8,1,2,1700
354,259,8,2,4,1500
354,260,8,0,1,2000
354,265,9,1,2,1700
354,266,9,2,4,1500
354,267,9,0,1,2000
354,272,10,1,2,1700
354,273,10,2,4,1500
354,274,10,0,1,2000
354,279,11,1,2,1700
354,280,11,2,4,1500
354,281,11,0,1,2000
354,293,12,1,2,1700
354,294,12,2,4,1500
354,295,12,0,1,2000
354,300,13,1,2,1700
354,301,13,2,4,1500
354,302,13,0,1,2000
354,307,14,1,2,1700
354,308,14,2,4,1500
354,309,14,0,1,2000
354,314,15,1,2,1700
354,315,15,2,4,1500
354,316,15,0,1,2000
354,328,16,1,2,1700
354,329,16,2,4,1500
354,330,16,0,1,2000
354,335,17,1,2,1700
354,336,17,2,4,1500
354,337,17,0,1,2000
354,342,18,1,2,1700
354,343,18,2,4,1500
354,344,18,0,1,2000
354,349,19,1,2,1700
354,350,19,2,4,1500
354,351,19,0,1,2000
354,412,20,1,2,1700
354,413,20,2,4,1500
354,414,20,0,1,2000
354,419,21,1,2,1700
354,420,21,2,4,1500
354,421,21,0,1,2000
354,426,22,1,2,1700
354,427,22,2,4,1500
354,428,22,0,1,2000
354,433,23,1,2,1700
354,434,23,2,4,1500
354,435,23,0,1,2000
354,440,24,1,2,1700
354,441,24,2,4,1500
354,442,24,0,1,2000
354,454,25,1,2,1700
354,455,25,2,4,1500
354,456,25,0,1,2000
354,461,26,1,2,1700
354,462,26,2,4,1500
354,463,26,0,1,2000
354,468,27,1,2,1700
354,469,27,2,4,1500
354,470,27,0,1,2000
354,475,28,1,2,1700
354,476,28,2,4,1500
354,477,28,0,1,2000
354,482,29,1,2,1700
354,483,29,2,4,1500
354,484,29,0,1,2000
354,489,30,1,2,1700
354,490,30,2,4,1500
354,490,30,0,1,2000
354,496,31,1,2,1700
354,497,31,2,4,1500
354,498,31,0,1,2000
354,504,32,8,8,1500
354,493,33,8,8,2000
354,227,34,8,8,1945
354,283,35,8,8,1945
358,224,1,1,1,1600
365,314,1,4,10,1245
365,315,1,0,2,1600
374,331,1,8,8,1945
385,342,1,12,18,1245
385,342,1,0,4,1545
385,343,1,0,4,1600
406,352,1,20,20,1945
429,377,1,0,8,1245
429,377,1,18,24,1745
429,378,1,0,8,1600
462,388,1,32,32,1945
497,398,1,0,4,1245
497,398,1,4,4,1600
497,398,1,8,12,1745
514,402,1,16,16,1945
533,419,1,2,3,1245
533,419,1,3,5,1745
533,420,1,3,5,1600
542,429,1,8,8,1600
553,440,1,2,2,1245
553,440,1,2,2,1545
553,441,1,0,0,1245
553,441,1,0,0,1545
558,457,1,0,4,1945
558,458,1,0,0,1945
565,475,1,1,1,1500
565,476,1,1,1,1600
568,503,1,1,1,1500
576,226,1,30,40,2000
576,227,1,0,8,2000
615,247,1,16,30,2000
615,248,1,2,6,2000
642,268,1,10,16,2000
642,269,1,4,8,2000
661,303,1,4,8,2000
661,304,1,2,4,2000
672,337,1,0,0,1945
672,338,1,2,2,2000
672,339,1,2,2,2000
680,380,1,1,1,2000
680,394,2,1,1,2000
681,381,1,1,1,1945
681,395,2,1,1,1945
682,427,1,1,1,1500
692,240,1,16,16,1945
716,282,1,16,16,1945
738,317,1,8,8,1945
738,318,1,0,0,1945
752,345,1,4,4,1945
752,346,1,0,0,1945
759,386,1,0,0,1945
759,387,1,2,2,1945
759,401,2,2,2,1945
762,455,1,1,1,1330
765,230,1,6,6,1500
765,230,1,1,1,1730
765,231,1,1,1,1330
765,231,1,1,5,1600
765,232,1,1,1,2000
765,237,2,1,1,1200
765,237,2,1,1,1245
765,237,2,5,7,1500
765,237,2,1,1,1730
765,238,2,1,4,1600
765,239,2,1,4,2000
765,244,3,1,1,1205
765,244,3,6,6,1500
765,244,3,1,1,1730
765,245,3,1,1,1330
765,245,3,1,10,1600
765,258,4,1,1,1245
765,258,4,6,6,1500
765,258,4,1,1,1730
765,259,4,1,1,1330
765,259,4,2,10,1600
765,265,5,1,1,1245
765,265,5,6,6,1500
765,265,5,1,1,1730
765,266,5,1,1,1330
765,266,5,1,10,1600
765,279,6,5,7,1500
765,279,6,1,1,1730
765,280,6,1,1,1330
765,280,6,2,10,1600
765,293,7,6,7,1500
765,293,7,1,1,1730
765,294,7,1,1,1330
765,294,7,2,10,1600
765,300,8,1,1,1220
765,300,8,5,7,1500
765,300,8,1,1,1730
765,301,8,1,1,1330
765,301,8,2,10,1600
765,307,9,1,1,1245
765,307,9,5,7,1500
765,307,9,1,1,1730
765,308,9,1,1,1330
765,308,9,2,10,1600
765,317,10,2,2,1945
765,317,10,1,1,2000
765,318,10,2,7,1945
765,318,10,5,10,2000
765,328,11,6,7,1500
765,328,11,1,1,1730
765,329,11,1,1,1330
765,329,11,2,10,1600
765,349,12,1,1,1245
765,349,12,7,7,1500
765,350,12,1,1,1330
765,350,12,1,10,1600
765,272,13,1,1,1245
765,272,13,5,7,1500
765,272,13,1,1,1730
765,273,13,1,1,1330
765,273,13,2,10,1600
765,384,14,6,6,1500
765,384,14,1,1,1730
765,385,14,1,1,1330
765,385,14,1,10,1600
765,386,14,1,1,2000
765,398,15,1,1,1245
765,398,15,6,7,1500
765,399,15,1,1,1330
765,399,15,2,10,1600
765,400,15,0,0,2000
765,461,16,7,7,1500
765,461,16,1,1,1730
765,462,16,1,1,1330
765,462,16,1,10,1600
765,468,17,1,1,1245
765,468,17,5,7,1500
765,468,17,1,1,1730
765,469,17,3,10,1600
765,471,18,1,1,1945
765,471,18,2,2,2000
765,472,18,2,2,1945
765,472,18,5,10,2000
765,482,19,1,1,1245
765,482,19,1,1,1330
765,482,19,2,10,1600
765,483,19,5,7,1500
765,483,19,1,1,1730
765,489,20,1,1,1245
765,489,20,6,7,1500
765,489,20,1,1,1730
765,490,20,1,1,1330
765,490,20,1,10,1600
765,496,21,1,1,1245
765,496,21,5,7,1500
765,496,21,1,1,1730
765,497,21,3,10,1600
765,499,22,3,7,2000
765,500,22,3,3,1945
765,500,22,4,10,2000
765,511,23,10,10,1600
765,454,24,1,1,1245
765,454,24,5,7,1500
765,454,24,1,1,1730
765,455,24,1,1,1330
765,455,24,1,10,1600
765,456,24,1,1,2000
765,335,25,1,1,1330
765,335,25,6,7,1500
765,335,25,2,10,1600
765,335,25,1,1,1730
765,391,26,6,6,1500
765,391,26,1,1,1730
765,392,26,1,1,1330
765,392,26,1,10,1600
765,393,26,1,1,2000
765,412,27,1,1,1245
765,412,27,1,1,1330
765,412,27,2,10,1600
765,413,27,5,7,1500
765,413,27,1,1,1730
765,282,28,2,2,1945
765,282,28,1,1,2000
765,283,28,2,7,1945
765,283,28,5,10,2000
765,373,29,2,2,1945
765,373,29,1,1,2000
765,374,29,2,7,1945
765,374,29,5,10,2000
765,492,30,3,7,2000
765,493,30,3,3,1945
765,493,30,4,10,2000
765,314,31,1,1,1245
765,314,31,5,7,1500
765,314,31,1,1,1730
765,315,31,1,1,1330
765,315,31,2,10,1600
765,342,32,6,7,1500
765,342,32,1,1,1730
765,343,32,1,1,1330
765,343,32,2,10,1600
765,426,33,1,1,1245
765,426,33,1,1,1330
765,426,33,2,10,1600
765,427,33,5,7,1500
765,427,33,1,1,1730
765,429,33,0,0,1945
765,431,33,0,0,1945
765,503,34,1,1,1245
765,503,34,5,7,1500
765,503,34,1,1,1730
765,504,34,3,10,1600
765,505,34,0,0,1945
765,433,35,1,1,1245
765,433,35,1,1,1330
765,433,35,2,10,1600
765,434,35,5,7,1500
765,434,35,1,1,1730
765,370,36,1,1,1245
765,370,36,5,7,1500
765,370,36,1,1,1730
765,371,36,1,1,1330
765,371,36,2,10,1600
765,356,37,1,1,1245
765,356,37,7,7,1500
765,357,37,1,1,1330
765,357,37,1,10,1600
765,363,38,1,1,1245
765,363,38,6,7,1500
765,364,38,1,1,1330
765,364,38,1,10,1600
765,365,38,1,10,1945
768,230,1,1,1,1330
768,230,1,10,10,1500
768,230,1,1,1,1720
768,231,1,0,0,1600
768,237,2,1,1,1330
768,237,2,10,10,1500
768,237,2,1,1,1720
768,238,2,0,0,1600
768,244,3,1,1,1330
768,244,3,10,10,1500
768,244,3,1,1,1720
768,245,3,0,0,1600
768,258,4,1,1,1330
768,258,4,10,10,1500
768,258,4,1,1,1720
768,259,4,0,0,1600
768,265,5,1,1,1330
768,265,5,10,10,1500
768,265,5,1,1,1720
768,266,5,0,0,1600
768,272,6,1,1,1330
768,272,6,10,10,1500
768,272,6,1,1,1720
768,273,6,0,0,1600
768,279,7,1,1,1330
768,279,7,10,10,1500
768,279,7,1,1,1720
768,280,7,0,0,1600
768,293,8,1,1,1330
768,293,8,10,10,1500
768,293,8,1,1,1720
768,294,8,0,0,1600
768,300,9,1,1,1330
768,300,9,10,10,1500
768,300,9,1,1,1720
768,301,9,0,0,1600
768,307,10,1,1,1330
768,307,10,10,10,1500
768,307,10,1,1,1720
768,308,10,0,0,1600
768,328,11,1,1,1330
768,328,11,10,10,1500
768,328,11,1,1,1720
768,329,11,0,0,1600
768,335,12,1,1,1330
768,335,12,10,10,1500
768,335,12,1,1,1720
768,349,13,1,1,1330
768,349,13,10,10,1500
768,349,13,1,1,1720
768,350,13,0,0,1600
768,356,14,1,1,1330
768,356,14,10,10,1500
768,356,14,1,1,1720
768,357,14,0,0,1600
768,363,15,1,1,1330
768,363,15,10,10,1500
768,363,15,1,1,1720
768,364,15,0,12,1600
768,365,15,0,12,1945
768,370,16,1,1,1330
768,370,16,10,10,1500
768,370,16,1,1,1720
768,371,16,0,12,1600
768,384,17,1,1,1330
768,384,17,10,10,1500
768,384,17,1,1,1720
768,385,17,0,12,1600
768,391,18,1,1,1330
768,391,18,10,10,1500
768,391,18,1,1,1720
768,392,18,0,12,1600
768,412,19,1,1,1330
768,412,19,10,10,1500
768,412,19,1,1,1720
768,413,19,0,12,1600
768,433,20,1,1,1330
768,433,20,10,10,1500
768,433,20,1,1,1720
768,434,20,0,12,1600
768,454,21,1,1,1330
768,454,21,10,10,1500
768,454,21,1,1,1720
768,455,21,0,12,1600
768,233,22,12,12,1945
768,240,23,12,12,1945
768,261,24,12,12,1945
768,275,25,12,12,1945
768,282,26,12,12,1945
768,296,27,12,12,1945
768,310,28,12,12,1945
768,317,29,12,12,1945
768,338,30,12,12,1945
768,345,30,0,0,1945
768,359,31,12,12,1945
768,373,32,12,12,1945
768,415,33,12,12,1945
768,422,34,12,12,1945
768,436,35,12,12,1945
768,443,36,12,12,1945
768,461,37,1,1,1330
768,461,37,10,10,1500
768,461,37,1,1,1720
768,462,37,0,12,1600
768,468,38,1,1,1330
768,468,38,10,10,1500
768,468,38,1,1,1720
768,469,38,0,12,1600
768,482,39,1,1,1330
768,482,39,10,10,1500
768,482,39,1,1,1720
768,483,39,0,12,1600
768,489,40,12,12,1500
768,464,41,12,12,1945
768,471,42,12,12,1945
768,478,43,12,12,1945
768,485,44,12,12,1945
768,380,45,12,12,1945
768,381,45,0,0,1945
768,382,45,0,0,1945
768,429,45,0,0,1945
768,430,45,0,0,1945
768,431,45,0,0,1945
768,400,46,0,0,1945
768,401,46,12,12,1945
768,402,46,0,0,1945
768,403,46,0,0,1945
771,222,1,0,0,1945
771,223,1,12,12,1500
771,230,2,12,12,1500
771,237,3,12,12,1500
771,244,4,12,12,1500
771,258,5,12,12,1500
771,265,6,12,12,1500
771,272,7,12,12,1500
771,279,8,12,12,1500
771,293,9,12,12,1500
771,300,10,12,12,1500
771,307,11,12,12,1500
771,328,12,12,12,1500
771,335,13,12,12,1500
771,349,14,12,12,1500
771,356,15,12,12,1500
771,363,16,12,12,1500
771,370,17,12,12,1500
771,384,18,12,12,1500
771,391,19,12,12,1500
771,412,20,12,12,1500
771,425,21,0,0,1945
771,426,21,12,12,1500
771,433,22,12,12,1500
771,453,23,12,12,1945
771,461,24,12,12,1500
771,468,25,12,12,1500
771,317,26,0,0,1945
771,475,26,12,12,1500
771,480,26,0,0,1945
771,482,27,12,12,1500
771,489,28,12,12,1500
771,261,29,12,12,1945
771,275,30,12,12,1945
771,296,31,12,12,1945
771,310,32,12,12,1945
771,359,33,12,12,1945
771,366,34,12,12,1945
771,373,35,12,12,1945
771,393,36,0,0,2000
771,394,36,12,12,1945
771,396,36,0,0,1945
771,415,37,12,12,1945
771,233,38,12,12,1945
771,422,39,12,12,1945
771,429,40,12,12,1945
771,431,40,0,0,1945
771,436,41,12,12,1945
771,443,42,12,12,1945
771,345,43,12,12,1945
771,464,43,0,0,1945
771,471,44,12,12,1945
771,331,45,12,12,1945
771,478,45,0,0,1945
771,338,46,12,12,1945
771,485,46,0,0,1945
774,222,1,0,0,1945
774,223,1,12,12,1500
774,230,2,12,12,1500
774,237,3,12,12,1500
774,244,4,12,12,1500
774,258,5,12,12,1500
774,265,6,12,12,1500
774,272,7,12,12,1500
774,279,8,12,12,1500
774,293,9,12,12,1500
774,300,10,12,12,1500
774,307,11,12,12,1500
774,328,12,12,12,1500
774,335,13,12,12,1500
774,349,14,12,12,1500
774,356,15,12,12,1500
774,363,16,12,12,1500
774,370,17,12,12,1500
774,384,18,12,12,1500
774,391,19,12,12,1500
774,412,20,12,12,1500
774,425,21,0,0,1945
774,426,21,12,12,1500
774,433,22,12,12,1500
774,453,23,12,12,1945
774,461,24,12,12,1500
774,468,25,12,12,1500
774,317,26,0,0,1945
774,473,26,0,0,1945
774,475,26,12,12,1500
774,482,27,12,12,1500
774,489,28,12,12,1500
774,261,29,12,12,1945
774,275,30,12,12,1945
774,296,31,12,12,1945
774,310,32,12,12,1945
774,359,33,12,12,1945
774,366,34,12,12,1945
774,373,35,12,12,1945
774,393,36,0,0,2000
774,394,36,12,12,1945
774,396,36,0,0,1945
774,415,37,12,12,1945
774,233,38,12,12,1945
774,422,39,12,12,1945
774,429,40,12,12,1945
774,431,40,0,0,1945
774,436,41,12,12,1945
774,443,42,12,12,1945
774,345,43,12,12,1945
774,464,43,0,0,1945
774,471,44,12,12,1945
774,331,45,12,12,1945
774,478,45,0,0,1945
774,338,46,12,12,1945
774,485,46,0,0,1945
780,499,1,1,1,1945
780,505,2,1,1,1945
781,500,1,1,1,1600
781,506,2,1,1,1945
783,510,1,1,1,1500
788,499,1,1,1,1945
788,505,2,1,1,1945
789,500,1,1,1,1945
789,506,2,1,1,1600
790,517,1,1,1,1500
795,499,1,1,1,1945
795,500,1,1,1,1945
795,505,2,1,1,1945
795,506,2,1,1,1945
798,511,1,1,1,1500
802,216,1,1,1,1600
810,377,1,0,30,1700
810,378,1,0,20,1700
821,390,1,1,2,1945
821,391,1,2,6,1730
821,391,1,0,5,2030
821,392,1,1,5,1700
821,392,1,1,5,2030
840,401,1,2,6,2045
840,402,1,1,6,2045
851,454,1,0,0,1600
851,457,1,0,4,2045
851,458,1,0,4,2045
858,471,1,1,1,2045
858,472,1,1,1,2045
861,489,1,1,1,2045
869,226,1,8,8,1945
880,247,1,2,7,2045
880,248,1,3,11,2045
899,303,1,1,2,2045
899,304,1,4,8,2045
910,380,1,1,3,2045
910,381,1,1,3,2045
917,394,1,1,1,2045
917,395,1,1,1,2045
920,475,1,0,1,2045
923,223,1,3,5,1900
923,223,1,1,1,2100
923,224,1,1,5,1700
923,224,1,1,1,2100
923,230,2,3,5,1900
923,230,2,1,1,2100
923,231,2,2,6,1700
923,231,2,1,1,2100
923,237,3,3,5,1900
923,237,3,1,1,2100
923,238,3,1,5,1700
923,238,3,1,1,2100
923,244,4,3,5,1900
923,244,4,1,1,2100
923,245,4,1,5,1700
923,245,4,1,1,2100
923,258,5,3,5,1900
923,258,5,1,1,2100
923,259,5,1,5,1700
923,259,5,1,1,2100
923,265,6,3,5,1900
923,265,6,1,1,2100
923,266,6,1,5,1700
923,266,6,1,1,2100
923,272,7,3,5,1900
923,272,7,1,1,2100
923,273,7,1,5,1700
923,273,7,1,1,2100
923,279,8,3,5,1900
923,279,8,1,1,2100
923,280,8,1,5,1700
923,280,8,1,1,2100
923,293,9,3,5,1900
923,293,9,1,1,2100
923,294,9,2,6,1700
923,294,9,1,1,2100
923,300,10,3,5,1900
923,300,10,1,1,2100
923,301,10,1,5,1700
923,301,10,1,1,2100
923,307,11,3,5,1900
923,307,11,1,1,2100
923,308,11,2,6,1700
923,308,11,1,1,2100
923,314,12,3,5,1900
923,314,12,1,1,2100
923,315,12,1,5,1700
923,315,12,1,1,2100
923,328,13,3,5,1900
923,328,13,1,1,2100
923,329,13,1,5,1700
923,329,13,1,1,2100
923,335,14,3,5,1900
923,335,14,1,1,2100
923,336,14,1,5,1700
923,336,14,1,1,2100
923,342,15,3,5,1900
923,342,15,1,1,2100
923,343,15,2,6,1700
923,343,15,1,1,2100
923,349,16,3,5,1900
923,349,16,1,1,2100
923,350,16,1,5,1700
923,350,16,1,1,2100
923,356,17,3,5,1900
923,356,17,1,1,2100
923,357,17,1,5,1700
923,357,17,1,1,2100
923,388,18,5,10,1945
923,388,18,1,5,2045
923,384,19,3,5,1900
923,384,19,1,1,2100
923,385,19,1,5,1700
923,385,19,1,1,2100
923,504,20,10,10,1900
923,398,21,3,5,1900
923,398,21,1,1,2100
923,399,21,2,5,1700
923,399,21,1,1,2100
923,412,22,3,5,1900
923,412,22,1,1,2100
923,413,22,2,5,1700
923,413,22,1,1,2100
923,419,23,3,5,1900
923,419,23,1,1,2100
923,420,23,2,5,1700
923,420,23,1,1,2100
923,426,24,3,5,1900
923,426,24,1,1,2100
923,427,24,2,5,1700
923,427,24,1,1,2100
923,433,25,3,5,1900
923,433,25,1,1,2100
923,434,25,2,5,1700
923,434,25,1,1,2100
923,440,26,3,5,1900
923,440,26,1,1,2100
923,441,26,2,5,1700
923,441,26,1,1,2100
923,511,27,10,10,1900
923,461,28,10,10,1900
923,468,29,10,10,1900
923,482,30,10,10,1900
923,496,31,5,10,1500
923,497,31,2,5,1600
923,493,32,10,10,2045
923,500,33,10,10,2045
923,430,34,10,10,2045
923,374,35,10,10,2045
923,318,36,10,10,2045
923,283,37,10,10,2045
923,269,38,10,10,2045
926,215,1,10,10,2045
926,218,1,0,0,2045
926,222,2,9,10,2045
926,225,2,1,1,2045
926,229,3,9,10,2045
926,232,3,1,1,2045
926,236,4,9,10,2045
926,237,4,0,0,1600
926,239,4,1,1,1945
926,243,5,9,10,2045
926,244,5,0,0,1600
926,246,5,1,1,2045
926,257,6,9,10,2045
926,258,6,0,0,1600
926,260,6,1,1,2045
926,264,7,9,10,2045
926,265,7,0,0,1600
926,267,7,1,1,2045
926,271,8,9,10,2045
926,272,8,0,0,1600
926,274,8,1,1,2045
926,278,9,9,10,2045
926,279,9,0,0,1600
926,281,9,1,1,2045
926,292,10,9,10,2045
926,293,10,0,0,1600
926,295,10,1,1,2045
926,299,11,10,10,2045
926,300,11,0,0,1600
926,306,12,9,10,2045
926,307,12,0,0,1600
926,309,12,1,1,2045
926,313,13,9,10,2045
926,314,13,0,0,1600
926,316,13,1,1,2045
926,327,14,9,10,2045
926,328,14,0,0,1600
926,330,14,1,1,2045
926,334,15,9,10,2045
926,335,15,0,0,1600
926,337,15,1,1,2045
926,341,16,9,10,2045
926,342,16,0,0,1600
926,344,16,1,1,2045
926,348,17,9,10,2045
926,349,17,0,0,1600
926,351,17,1,1,2045
926,355,18,9,10,2045
926,356,18,0,0,1600
926,358,18,1,1,2045
926,383,19,9,10,2045
926,384,19,0,0,1600
926,386,19,1,1,2045
926,397,20,9,10,2045
926,398,20,0,0,1600
926,400,20,1,1,2045
926,411,21,10,10,2045
926,412,21,0,0,1600
926,418,22,10,10,2045
926,419,22,0,0,1600
926,425,23,10,10,2045
926,426,23,0,0,1600
926,432,24,10,10,2045
926,433,24,0,0,1600
926,439,25,10,10,2045
926,440,25,0,0,1600
926,460,26,10,10,2045
926,461,26,0,0,1600
926,467,27,10,10,2045
926,468,27,0,0,1600
926,481,28,10,10,2045
926,482,28,0,0,1600
926,495,29,10,10,2045
926,502,30,10,10,2045
926,509,31,10,10,2045
926,492,32,10,10,2045
926,485,33,10,10,2045
926,478,34,10,10,2045
926,464,35,10,10,2045
926,436,36,10,10,2045
926,415,37,10,10,2045
926,422,38,10,10,2045
935,230,1,4,4,1530
942,303,1,8,8,2030
942,304,1,8,8,2030
961,359,1,0,8,2030
961,360,1,5,8,2030
972,401,1,2,2,2000
972,402,1,2,2,2000
979,454,1,0,0,1600
979,457,1,1,1,2030
979,458,1,1,1,2030
982,510,1,1,1,2000
985,237,1,5,6,1530
985,237,1,1,1,1830
985,238,1,1,2,1530
985,238,1,1,1,1730
985,244,2,5,6,1530
985,244,2,1,1,1830
985,245,2,1,2,1530
985,245,2,1,1,1730
985,258,3,6,6,1530
985,258,3,1,1,1830
985,259,3,2,2,1530
985,259,3,1,1,1730
985,265,4,5,6,1530
985,265,4,1,1,1830
985,266,4,1,2,1530
985,266,4,1,1,1730
985,268,5,2,5,1945
985,269,5,5,8,1945
985,272,6,5,6,1530
985,272,6,1,1,1830
985,273,6,1,2,1530
985,273,6,1,1,1730
985,279,7,5,6,1530
985,279,7,1,1,1830
985,280,7,1,2,1530
985,280,7,1,1,1730
985,293,8,6,6,1530
985,293,8,1,1,1830
985,294,8,2,2,1530
985,294,8,1,1,1730
985,300,9,5,6,1530
985,300,9,1,1,1830
985,301,9,1,2,1530
985,301,9,1,1,1730
985,307,10,5,6,1530
985,307,10,1,1,1830
985,308,10,1,2,1530
985,308,10,1,1,1730
985,314,11,5,6,1530
985,314,11,1,1,1830
985,315,11,1,2,1530
985,315,11,1,1,1730
985,328,12,5,6,1530
985,328,12,1,1,1830
985,329,12,1,2,1530
985,329,12,1,1,1730
985,335,13,5,6,1530
985,335,13,1,1,1830
985,336,13,1,2,1530
985,336,13,1,1,1730
985,342,14,5,6,1530
985,342,14,1,1,1830
985,343,14,1,2,1530
985,343,14,1,1,1730
985,349,15,5,6,1530
985,349,15,1,1,1830
985,350,15,1,2,1530
985,350,15,1,1,1730
985,356,16,5,6,1530
985,356,16,1,1,1830
985,357,16,1,2,1530
985,357,16,1,1,1730
985,384,17,5,6,1530
985,384,17,1,1,1830
985,385,17,1,2,1530
985,385,17,1,1,1730
985,391,18,5,6,1530
985,391,18,1,1,1830
985,392,18,1,2,1530
985,392,18,1,1,1730
985,398,19,5,6,1530
985,398,19,1,1,1830
985,399,19,1,2,1530
985,399,19,1,1,1730
985,419,20,5,6,1530
985,419,20,1,1,1830
985,420,20,1,2,1530
985,420,20,1,1,1730
985,426,21,5,6,1530
985,426,21,1,1,1830
985,427,21,1,2,1530
985,427,21,1,1,1730
985,433,22,5,6,1530
985,433,22,1,1,1830
985,434,22,1,2,1530
985,434,22,1,1,1730
985,440,23,5,6,1530
985,440,23,1,1,1830
985,441,23,1,2,1530
985,441,23,1,1,1730
985,461,24,5,6,1530
985,461,24,1,1,1830
985,462,24,1,2,1530
985,462,24,1,1,1730
985,468,25,5,6,1530
985,468,25,1,1,1830
985,469,25,1,2,1530
985,469,25,1,1,1730
985,475,26,5,6,1530
985,475,26,1,1,1830
985,476,26,1,2,1530
985,476,26,1,1,1730
985,482,27,5,6,1530
985,482,27,1,1,1830
985,483,27,1,2,1530
985,483,27,1,1,1730
985,489,28,5,6,1530
985,489,28,1,1,1830
985,490,28,1,2,1530
985,490,28,1,1,1730
985,496,29,9,9,1530
985,503,30,9,9,1530
985,248,31,0,10,2045
985,283,32,0,10,2045
985,318,33,0,10,2045
985,388,34,0,10,2045
985,412,35,5,6,1530
985,412,35,1,1,1830
985,413,35,1,2,1530
985,413,35,1,1,1730
988,236,1,2,3,2045
988,237,1,2,2,1300
988,238,1,2,2,1330
988,239,1,2,3,2045
988,243,2,2,3,2045
988,244,2,2,2,1300
988,245,2,2,2,1330
988,246,2,2,3,2045
988,257,3,2,3,2045
988,258,3,2,2,1300
988,259,3,2,2,1330
988,260,3,2,3,2045
988,264,4,2,3,2045
988,265,4,2,2,1300
988,266,4,2,2,1330
988,267,4,2,3,2045
988,271,5,2,3,2045
988,272,5,2,2,1300
988,273,5,2,2,1330
988,274,5,2,3,2045
988,278,6,2,3,2045
988,279,6,2,2,1300
988,280,6,2,2,1330
988,281,6,2,3,2045
988,292,7,2,3,2045
988,293,7,2,2,1300
988,294,7,2,2,1330
988,295,7,2,3,2045
988,299,8,2,3,2045
988,300,8,2,2,1300
988,301,8,2,2,1330
988,302,8,2,3,2045
988,306,9,2,3,2045
988,307,9,2,2,1300
988,308,9,2,2,1330
988,309,9,2,3,2045
988,313,10,2,3,2045
988,314,10,2,2,1300
988,315,10,2,2,1330
988,316,10,2,3,2045
988,327,11,2,3,2045
988,328,11,2,2,1300
988,329,11,2,2,1330
988,330,11,2,3,2045
988,334,12,2,3,2045
988,335,12,2,2,1300
988,336,12,2,2,1330
988,337,12,2,3,2045
988,341,13,2,3,2045
988,342,13,2,2,1300
988,343,13,2,2,1330
988,344,13,2,3,2045
988,348,14,2,3,2045
988,349,14,2,2,1300
988,350,14,2,2,1330
988,351,14,2,3,2045
988,355,15,2,3,2045
988,356,15,2,2,1300
988,357,15,2,2,1330
988,358,15,2,3,2045
988,376,16,2,3,2045
988,377,16,2,2,1300
988,378,16,2,2,1330
988,379,16,2,3,2045
988,383,17,2,3,2045
988,384,17,2,2,1300
988,385,17,2,2,1330
988,386,17,2,3,2045
988,390,18,2,3,2045
988,391,18,2,2,1300
988,392,18,2,2,1330
988,393,18,2,3,2045
988,397,19,2,3,2045
988,398,19,2,2,1300
988,399,19,2,2,1330
988,400,19,2,3,2045
988,411,20,2,3,2045
988,412,20,2,2,1300
988,413,20,2,2,1330
988,414,20,2,3,2045
988,418,21,2,3,2045
988,419,21,2,2,1300
988,420,21,2,2,1330
988,421,21,2,3,2045
988,425,22,2,3,2045
988,426,22,4,5,1300
988,427,22,1,2,1330
988,432,23,2,3,2045
988,433,23,2,2,1300
988,434,23,2,2,1330
988,435,23,2,3,2045
988,439,24,2,3,2045
988,440,24,2,2,1300
988,441,24,2,2,1330
988,442,24,2,3,2045
988,460,25,2,3,2045
988,461,25,2,2,1300
988,462,25,2,2,1330
988,463,25,2,3,2045
988,467,26,2,3,2045
988,468,26,2,2,1300
988,469,26,2,2,1330
988,470,26,2,3,2045
988,474,27,2,3,2045
988,475,27,2,2,1300
988,476,27,2,2,1330
988,477,27,2,3,2045
988,481,28,2,3,2045
988,482,28,2,2,1300
988,483,28,2,2,1330
988,484,28,2,3,2045
988,488,29,2,3,2045
988,489,29,4,4,1300
988,490,29,2,2,1330
988,495,30,2,3,2045
988,496,30,3,3,1300
988,497,30,3,3,1330
988,504,31,10,10,1400
988,499,32,0,5,2045
988,500,32,0,5,2045
988,492,33,0,5,2045
988,493,33,0,5,2045
988,429,34,0,5,2045
988,430,34,0,5,2045
993,515,1,1,1,2045
993,518,2,1,1,1800
999,419,1,3,3,1945
1003,440,1,3,3,1945
1007,454,1,4,4,1645
1012,460,1,2,2,1945
1012,461,1,2,2,1945
1017,468,1,1,1,1945
1017,471,1,1,1,1945
1020,504,1,1,1,1500
1023,229,1,4,5,1945
1023,230,1,0,1,1945
1023,236,2,4,5,1945
1023,237,2,0,1,1945
1023,243,3,4,5,1945
1023,244,3,0,1,1945
1023,257,4,4,5,1945
1023,258,4,0,1,1945
1023,264,5,4,5,1945
1023,265,5,0,1,1945
1023,271,6,4,5,1945
1023,272,6,0,1,1945
1023,278,7,4,5,1945
1023,279,7,0,1,1945
1023,292,8,4,5,1945
1023,293,8,0,1,1945
1023,299,9,4,5,1945
1023,300,9,0,1,1945
1023,306,10,4,5,1945
1023,307,10,0,1,1945
1023,313,11,4,5,1945
1023,314,11,0,1,1945
1023,327,12,4,5,1945
1023,328,12,0,1,1945
1023,334,13,4,5,1945
1023,335,13,0,1,1945
1023,341,14,4,5,1945
1023,342,14,0,1,1945
1023,348,15,4,5,1945
1023,349,15,0,1,1945
1023,355,16,4,5,1945
1023,356,16,0,1,1945
1023,383,17,4,5,1945
1023,384,17,0,1,1945
1023,390,18,4,5,1945
1023,391,18,0,1,1945
1023,397,19,4,5,1945
1023,398,19,0,1,1945
1023,411,20,4,5,1945
1023,412,20,0,1,1945
1023,425,21,4,5,1945
1023,426,21,0,1,1945
1023,432,22,4,5,1945
1023,433,22,0,1,1945
1023,474,23,4,5,1945
1023,475,23,0,1,1945
1023,481,24,4,5,1945
1023,482,24,0,1,1945
1023,488,25,4,5,1945
1023,489,25,0,1,1945
1023,496,26,10,10,1945
1023,226,27,0,5,1945
1023,227,27,0,5,1945
1023,247,28,0,5,1945
1023,248,28,0,5,1945
1023,268,29,0,5,1945
1023,269,29,0,5,1945
1023,282,30,0,5,1945
1023,283,30,0,5,1945
1023,303,31,0,5,1945
1023,304,31,0,5,1945
1023,317,32,0,5,1945
1023,318,32,0,5,1945
1023,337,33,0,0,2045
1023,338,33,0,5,1945
1023,339,33,0,5,1945
1023,351,34,0,0,2045
1023,352,34,0,5,1945
1023,353,34,0,5,1945
1023,380,35,0,5,1945
1023,381,35,0,5,1945
1023,394,36,0,5,1945
1023,395,36,0,5,1945
1027,223,1,1,1,2045
1035,231,1,2,2,2030
1038,237,1,8,8,2030
1038,238,1,8,8,2030
1055,317,1,0,4,2030
1055,318,1,0,4,2030
1064,380,1,0,4,2100
1064,381,1,0,4,2100
1073,394,1,0,2,2100
1073,395,1,0,2,2100
1078,401,1,1,1,2100
1078,402,1,1,1,2100
1078,429,2,1,1,2100
1078,430,2,1,1,2100
1081,511,1,1,1,1600
1081,511,1,1,1,2045
1084,244,1,0,1,1800
1084,244,1,2,4,2030
1084,245,1,0,1,1200
1084,245,1,5,8,1500
1084,245,1,0,1,2030
1084,258,2,0,1,1800
1084,258,2,2,4,2030
1084,259,2,0,1,1200
1084,259,2,5,8,1500
1084,259,2,0,1,2030
1084,265,3,0,1,1800
1084,265,3,2,4,2030
1084,266,3,0,1,1200
1084,266,3,5,8,1500
1084,266,3,0,1,2030
1084,272,4,0,1,1800
1084,272,4,2,4,2030
1084,273,4,0,1,1200
1084,273,4,5,8,1500
1084,273,4,0,1,2030
1084,279,5,0,1,1800
1084,279,5,2,4,2030
1084,280,5,0,1,1200
1084,280,5,5,8,1500
1084,280,5,0,1,2030
1084,293,6,0,1,1800
1084,293,6,2,4,2030
1084,294,6,0,1,1200
1084,294,6,5,8,1500
1084,294,6,0,1,2030
1084,300,7,0,1,1800
1084,300,7,2,4,2030
1084,301,7,0,1,1200
1084,301,7,5,8,1500
1084,301,7,0,1,2030
1084,307,8,0,1,1800
1084,307,8,2,4,2030
1084,308,8,0,1,1200
1084,308,8,5,8,1500
1084,308,8,0,1,2030
1084,314,9,0,1,1800
1084,314,9,2,4,2030
1084,315,9,0,1,1200
1084,315,9,5,8,1500
1084,315,9,0,1,2030
1084,328,10,0,1,1800
1084,328,10,2,4,2030
1084,329,10,0,1,1200
1084,329,10,5,8,1500
1084,329,10,0,1,2030
1084,335,11,0,1,1800
1084,335,11,2,4,2030
1084,336,11,0,1,1200
1084,336,11,5,8,1500
1084,336,11,0,1,2030
1084,342,12,0,1,1800
1084,342,12,2,4,2030
1084,343,12,0,1,1200
1084,343,12,5,8,1500
1084,343,12,0,1,2030
1084,349,13,0,1,1800
1084,349,13,2,4,2030
1084,350,13,0,1,1200
1084,350,13,5,8,1500
1084,350,13,0,1,2030
1084,356,14,0,1,1800
1084,356,14,2,4,2030
1084,357,14,0,1,1200
1084,357,14,5,8,1500
1084,357,14,0,1,2030
1084,377,15,0,1,1800
1084,377,15,2,4,2030
1084,378,15,0,1,1200
1084,378,15,5,8,1500
1084,378,15,0,1,2030
1084,384,16,0,1,1800
1084,384,16,2,4,2030
1084,385,16,0,1,1200
1084,385,16,5,8,1500
1084,385,16,0,1,2030
1084,391,17,0,1,1800
1084,391,17,2,4,2030
1084,392,17,0,1,1200
1084,392,17,5,8,1500
1084,392,17,0,1,2030
1084,398,18,0,1,1800
1084,398,18,2,4,2030
1084,399,18,0,1,1200
1084,399,18,5,8,1500
1084,399,18,0,1,2030
1084,412,19,0,1,1800
1084,412,19,2,4,2030
1084,413,19,0,1,1200
1084,413,19,5,8,1500
1084,413,19,0,1,2030
1084,419,20,0,1,1800
1084,419,20,2,4,2030
1084,420,20,0,1,1200
1084,420,20,5,8,1500
1084,420,20,0,1,2030
1084,426,21,0,1,1800
1084,426,21,2,4,2030
1084,427,21,0,1,1200
1084,427,21,5,8,1500
1084,427,21,0,1,2030
1084,433,22,0,1,1800
1084,433,22,2,4,2030
1084,434,22,0,1,1200
1084,434,22,5,8,1500
1084,434,22,0,1,2030
1084,440,23,0,1,1800
1084,440,23,2,4,2030
1084,441,23,0,1,1200
1084,441,23,5,8,1500
1084,441,23,0,1,2030
1084,454,24,0,1,1800
1084,454,24,2,4,2030
1084,455,24,0,1,1200
1084,455,24,5,8,1500
1084,455,24,0,1,2030
1084,461,25,0,1,1800
1084,461,25,2,4,2030
1084,462,25,0,1,1200
1084,462,25,5,8,1500
1084,462,25,0,1,2030
1084,468,26,0,1,1800
1084,468,26,2,4,2030
1084,469,26,0,1,1200
1084,469,26,5,8,1500
1084,469,26,0,1,2030
1084,475,27,0,1,1800
1084,475,27,2,4,2030
1084,476,27,0,1,1200
1084,476,27,5,8,1500
1084,476,27,0,1,2030
1084,482,28,0,1,1800
1084,482,28,2,4,2030
1084,483,28,0,1,1200
1084,483,28,5,8,1500
1084,483,28,0,1,2030
1084,489,29,0,1,1800
1084,489,29,2,4,2030
1084,490,29,0,1,1200
1084,490,29,5,8,1500
1084,490,29,0,1,2030
1084,496,30,0,1,1800
1084,496,30,2,4,2030
1084,497,30,0,1,1200
1084,497,30,5,8,1500
1084,497,30,0,1,2030
1084,504,31,10,10,1800
1084,268,32,0,10,2030
1084,269,32,0,10,2030
1084,303,33,0,10,2030
1084,304,33,0,10,2030
1084,387,34,0,10,2030
1084,388,34,0,10,2030
1084,471,35,0,10,2030
1084,472,35,0,10,2030
1084,492,36,0,10,2030
1084,493,36,0,10,2030
1084,499,37,0,10,2030
1084,500,37,0,10,2030
1084,282,38,0,10,2030
1084,283,38,0,10,2030
1087,244,1,11,11,1600
1087,258,2,11,11,1600
1087,265,3,11,11,1600
1087,272,4,11,11,1600
1087,279,5,11,11,1600
1087,293,6,11,11,1600
1087,300,7,11,11,1600
1087,307,8,11,11,1600
1087,314,9,11,11,1600
1087,328,10,11,11,1600
1087,335,11,11,11,1600
1087,342,12,11,11,1600
1087,349,13,11,11,1600
1087,356,14,11,11,1600
1087,377,15,11,11,1600
1087,384,16,11,11,1600
1087,391,17,11,11,1600
1087,398,18,11,11,1600
1087,412,19,11,11,1600
1087,419,20,11,11,1600
1087,426,21,11,11,1600
1087,433,22,11,11,1600
1087,440,23,11,11,1600
1087,454,24,11,11,1600
1087,461,25,11,11,1600
1087,468,26,11,11,1600
1087,475,27,11,11,1600
1087,482,28,11,11,1600
1087,489,29,11,11,1600
1087,496,30,11,11,1600
1087,503,31,11,11,1600
1087,510,32,11,11,1600
1087,247,33,11,11,2030
1087,267,34,0,0,2030
1087,268,34,11,11,2030
1087,269,34,0,0,2030
1087,270,34,0,0,2030
1087,281,35,0,0,2030
1087,282,35,11,11,2030
1087,283,35,0,0,2030
1087,284,35,0,0,2030
1087,302,36,0,0,2030
1087,303,36,11,11,2030
1087,304,36,0,0,2030
1087,305,36,0,0,2030
1087,309,37,0,0,2030
1087,310,37,11,11,2030
1087,311,37,0,0,2030
1087,312,37,0,0,2030
1087,330,38,0,0,2030
1087,331,38,11,11,2030
1087,332,38,0,0,2030
1087,333,38,0,0,2030
1087,337,39,0,0,2030
1087,338,39,11,11,2030
1087,339,39,0,0,2030
1087,340,39,0,0,2030
1087,351,40,0,0,2030
1087,352,40,11,11,2030
1087,353,40,0,0,2030
1087,354,40,0,0,2030
1087,387,41,11,11,2030
1087,471,42,11,11,2030
1093,303,1,2,2,1800
1096,359,1,4,4,1700
1096,360,1,4,4,1700
1105,394,1,2,2,1700
1105,395,1,2,2,1745
1110,458,1,1,1,1500
1110,459,1,1,1,1500
1110,460,1,0,0,1945
1110,461,1,0,0,1600
1113,504,1,1,1,1530
1116,222,1,0,1,2045
1116,223,1,2,4,1745
1116,223,1,0,1,1845
1116,224,1,2,4,1200
1116,224,1,0,1,1430
1116,229,2,0,1,2045
1116,230,2,2,4,1745
1116,230,2,0,1,1845
1116,231,2,2,4,1200
1116,231,2,0,1,1430
1116,236,3,0,1,2045
1116,237,3,2,4,1745
1116,237,3,0,1,1845
1116,238,3,2,4,1200
1116,238,3,0,1,1430
1116,243,4,0,1,2045
1116,244,4,2,4,1745
1116,244,4,0,1,1845
1116,245,4,2,4,1200
1116,245,4,0,1,1430
1116,257,5,0,1,2045
1116,258,5,2,4,1745
1116,258,5,0,1,1845
1116,259,5,2,4,1200
1116,259,5,0,1,1430
1116,264,6,0,1,2045
1116,265,6,2,4,1745
1116,265,6,0,1,1845
1116,266,6,2,4,1200
1116,266,6,0,1,1430
1116,271,7,0,1,2045
1116,272,7,2,4,1745
1116,272,7,0,1,1845
1116,273,7,2,4,1200
1116,273,7,0,1,1430
1116,278,8,0,1,2045
1116,279,8,2,4,1745
1116,279,8,0,1,1845
1116,280,8,2,4,1200
1116,280,8,0,1,1430
1116,292,9,0,1,2045
1116,293,9,2,4,1745
1116,293,9,0,1,1845
1116,294,9,2,4,1200
1116,294,9,0,1,1430
1116,299,10,0,1,2045
1116,300,10,2,4,1745
1116,300,10,0,1,1845
1116,301,10,2,4,1200
1116,301,10,0,1,1430
1116,306,11,0,1,2045
1116,307,11,2,4,1745
1116,307,11,0,1,1845
1116,308,11,2,4,1200
1116,308,11,0,1,1430
1116,313,12,0,1,2045
1116,314,12,2,4,1745
1116,314,12,0,1,1845
1116,315,12,2,4,1200
1116,315,12,0,1,1430
1116,327,13,0,1,2045
1116,328,13,2,4,1745
1116,328,13,0,1,1845
1116,329,13,2,4,1200
1116,329,13,0,1,1430
1116,334,14,0,1,2045
1116,335,14,2,4,1745
1116,335,14,0,1,1845
1116,336,14,2,4,1200
1116,336,14,0,1,1430
1116,341,15,0,1,2045
1116,342,15,2,4,1745
1116,342,15,0,1,1845
1116,343,15,2,4,1200
1116,343,15,0,1,1430
1116,348,16,0,1,2045
1116,349,16,2,4,1745
1116,349,16,0,1,1845
1116,350,16,2,4,1200
1116,350,16,0,1,1430
1116,355,17,0,1,2045
1116,356,17,2,4,1745
1116,356,17,0,1,1845
1116,357,17,2,4,1200
1116,357,17,0,1,1430
1116,376,18,0,1,2045
1116,377,18,2,4,1745
1116,377,18,0,1,1845
1116,378,18,2,4,1200
1116,378,18,0,1,1430
1116,383,19,0,1,2045
1116,384,19,2,4,1745
1116,384,19,0,1,1845
1116,385,19,2,4,1200
1116,385,19,0,1,1430
1116,390,20,0,1,2045
1116,391,20,2,4,1745
1116,391,20,0,1,1845
1116,392,20,2,4,1200
1116,392,20,0,1,1430
1116,397,21,0,1,2045
1116,398,21,2,4,1745
1116,398,21,0,1,1845
1116,399,21,2,4,1200
1116,399,21,0,1,1430
1116,411,22,0,1,2045
1116,412,22,2,4,1745
1116,412,22,0,1,1845
1116,413,22,2,4,1200
1116,413,22,0,1,1430
1116,418,23,0,1,2045
1116,419,23,2,4,1745
1116,419,23,0,1,1845
1116,420,23,2,4,1200
1116,420,23,0,1,1430
1116,425,24,0,1,2045
1116,426,24,2,4,1745
1116,426,24,0,1,1845
1116,427,24,2,4,1200
1116,427,24,0,1,1430
1116,432,25,0,1,2045
1116,433,25,2,4,1745
1116,433,25,0,1,1845
1116,434,25,2,4,1200
1116,434,25,0,1,1430
1116,439,26,0,1,2045
1116,440,26,2,4,1745
1116,440,26,0,1,1845
1116,441,26,2,4,1200
1116,441,26,0,1,1430
1116,453,27,0,1,2045
1116,454,27,2,4,1745
1116,454,27,0,1,1845
1116,455,27,2,4,1200
1116,455,27,0,1,1430
1116,467,28,0,1,2045
1116,468,28,2,4,1745
1116,468,28,0,1,1845
1116,469,28,2,4,1200
1116,469,28,0,1,1430
1116,475,29,2,4,1745
1116,475,29,0,1,1845
1116,475,29,0,1,2045
1116,476,29,2,4,1200
1116,476,29,0,1,1430
1116,481,30,0,1,2045
1116,482,30,2,4,1745
1116,482,30,0,1,1845
1116,483,30,2,4,1200
1116,483,30,0,1,1430
1116,488,31,0,1,2045
1116,489,31,2,4,1745
1116,489,31,0,1,1845
1116,490,31,2,4,1200
1116,490,31,0,1,1430
1116,497,32,10,10,1200
1116,493,33,10,10,2030
1116,472,34,10,10,2000
1122,381,1,8,8,1900
1131,412,1,2,2,1600
1131,413,1,2,2,1600
1136,472,1,2,2,1900
1139,504,1,1,1,1315
1142,230,1,1,2,1600
1142,230,1,0,1,2000
1142,231,1,4,6,1800
1142,231,1,1,1,2000
1142,237,2,1,2,1600
1142,237,2,0,1,2000
1142,238,2,4,6,1800
1142,238,2,1,1,2000
1142,244,3,1,2,1600
1142,244,3,0,1,2000
1142,245,3,4,6,1800
1142,245,3,1,1,2000
1142,258,4,1,2,1600
1142,258,4,0,1,2000
1142,259,4,4,6,1800
1142,259,4,1,1,2000
1142,265,5,1,2,1600
1142,265,5,0,1,2000
1142,266,5,4,6,1800
1142,266,5,1,1,2000
1142,272,6,1,2,1600
1142,272,6,0,1,2000
1142,273,6,4,6,1800
1142,273,6,1,1,2000
1142,279,7,1,2,1600
1142,279,7,0,1,2000
1142,280,7,4,6,1800
1142,280,7,1,1,2000
1142,293,8,1,2,1600
1142,293,8,0,1,2000
1142,294,8,4,6,1800
1142,294,8,1,1,2000
1142,300,9,1,2,1600
1142,300,9,0,1,2000
1142,301,9,4,6,1800
1142,301,9,1,1,2000
1142,307,10,1,2,1600
1142,307,10,0,1,2000
1142,308,10,4,6,1800
1142,308,10,1,1,2000
1142,314,11,1,2,1600
1142,314,11,0,1,2000
1142,315,11,4,6,1800
1142,315,11,1,1,2000
1142,328,12,1,2,1600
1142,328,12,0,1,2000
1142,329,12,4,6,1800
1142,329,12,1,1,2000
1142,335,13,1,2,1600
1142,335,13,0,1,2000
1142,336,13,4,6,1800
1142,336,13,1,1,2000
1142,342,14,1,2,1600
1142,342,14,0,1,2000
1142,343,14,4,6,1800
1142,343,14,1,1,2000
1142,349,15,1,2,1600
1142,349,15,0,1,2000
1142,350,15,4,6,1800
1142,350,15,1,1,2000
1142,377,16,1,2,1600
1142,377,16,0,1,2000
1142,378,16,4,6,1800
1142,378,16,1,1,2000
1142,391,17,1,2,1600
1142,391,17,0,1,2000
1142,392,17,4,6,1800
1142,392,17,1,1,2000
1142,398,18,1,2,1600
1142,398,18,0,1,2000
1142,399,18,4,6,1800
1142,399,18,1,1,2000
1142,419,19,1,2,1600
1142,419,19,0,1,2000
1142,420,19,4,6,1800
1142,420,19,1,1,2000
1142,426,20,1,2,1600
1142,426,20,0,1,2000
1142,427,20,4,6,1800
1142,427,20,1,1,2000
1142,433,21,1,2,1600
1142,433,21,0,1,2000
1142,434,21,4,6,1800
1142,434,21,1,1,2000
1142,440,22,1,2,1600
1142,440,22,0,1,2000
1142,441,22,4,6,1800
1142,441,22,1,1,2000
1142,454,23,1,2,1600
1142,454,23,0,1,2000
1142,455,23,4,6,1800
1142,455,23,1,1,2000
1142,461,24,1,2,1600
1142,461,24,0,1,2000
1142,462,24,4,6,1800
1142,462,24,1,1,2000
1142,468,25,1,2,1600
1142,468,25,0,1,2000
1142,469,25,4,6,1800
1142,469,25,1,1,2000
1142,475,26,1,2,1600
1142,475,26,0,1,2000
1142,476,26,4,6,1800
1142,476,26,1,1,2000
1142,482,27,1,2,1600
1142,482,27,0,1,2000
1142,483,27,4,6,1800
1142,483,27,1,1,2000
1142,489,28,1,2,1600
1142,489,28,0,1,2000
1142,490,28,4,6,1800
1142,490,28,1,1,2000
1142,497,29,10,10,1800
1142,430,30,10,10,1945
1148,303,1,3,8,2000
1148,304,1,2,5,1945
1158,429,1,1,1,1945
1158,434,2,0,0,1600
1158,435,2,0,0,1945
1158,436,2,1,1,1945
1159,429,1,1,1,1945
1159,434,2,0,0,1600
1159,435,2,0,0,1945
1159,436,2,1,1,1945
1160,430,1,1,1,1945
1160,434,2,0,0,1600
1160,435,2,0,0,1945
1160,437,2,1,1,1945
1161,430,1,1,1,1945
1161,434,2,0,0,1600
1161,435,2,0,0,1945
1161,437,2,1,1,1945
1163,462,1,0,0,1600
1163,463,1,0,0,1945
1163,464,1,1,1,1945
1163,471,2,1,1,1945
1164,462,1,0,0,1945
1164,463,1,0,0,1945
1164,465,1,1,1,1945
1164,472,2,1,1,1945
1165,510,1,1,1,1530
1168,222,1,1,2,1900
1168,223,1,0,1,1600
1168,223,1,2,4,1700
1168,224,1,1,2,1500
1168,229,2,1,2,1900
1168,230,2,0,1,1600
1168,230,2,2,4,1700
1168,231,2,1,2,1500
1168,236,3,1,2,1900
1168,237,3,0,1,1600
1168,237,3,2,4,1700
1168,238,3,1,2,1500
1168,243,4,1,2,1900
1168,244,4,0,1,1600
1168,244,4,2,4,1700
1168,245,4,1,2,1500
1168,257,5,1,2,1900
1168,258,5,0,1,1600
1168,258,5,2,4,1700
1168,259,5,1,2,1500
1168,264,6,1,2,1900
1168,265,6,0,1,1600
1168,265,6,2,4,1700
1168,266,6,1,2,1500
1168,271,7,1,2,1900
1168,272,7,0,1,1600
1168,272,7,2,4,1700
1168,273,7,1,2,1500
1168,278,8,1,2,1900
1168,279,8,0,1,1600
1168,279,8,2,4,1700
1168,280,8,1,2,1500
1168,292,9,1,2,1900
1168,293,9,0,1,1600
1168,293,9,2,4,1700
1168,294,9,1,2,1500
1168,299,10,1,2,1900
1168,300,10,0,1,1600
1168,300,10,2,4,1700
1168,301,10,1,2,1500
1168,306,11,1,2,1900
1168,307,11,0,1,1600
1168,307,11,2,4,1700
1168,308,11,1,2,1500
1168,313,12,1,2,1900
1168,314,12,0,1,1600
1168,314,12,2,4,1700
1168,315,12,1,2,1500
1168,327,13,1,2,1900
1168,328,13,0,1,1600
1168,328,13,2,4,1700
1168,329,13,1,2,1500
1168,334,14,1,2,1900
1168,335,14,0,1,1600
1168,335,14,2,4,1700
1168,336,14,1,2,1500
1168,341,15,1,2,1900
1168,342,15,0,1,1600
1168,342,15,2,4,1700
1168,343,15,1,2,1500
1168,348,16,1,2,1900
1168,349,16,0,1,1600
1168,349,16,2,4,1700
1168,350,16,1,2,1500
1168,411,17,1,2,1900
1168,412,17,0,1,1600
1168,412,17,2,4,1700
1168,413,17,1,2,1500
1168,418,18,1,2,1900
1168,419,18,0,1,1600
1168,419,18,2,4,1700
1168,420,18,1,2,1500
1168,425,19,1,2,1900
1168,426,19,0,1,1600
1168,426,19,2,4,1700
1168,427,19,1,2,1500
1168,318,20,10,10,2030
1168,439,21,1,2,1900
1168,440,21,0,1,1600
1168,440,21,2,4,1700
1168,441,21,1,2,1500
1168,453,22,1,2,1900
1168,454,22,0,1,1600
1168,454,22,2,4,1700
1168,455,22,1,2,1500
1168,460,23,1,2,1900
1168,461,23,1,2,1500
1168,461,23,0,1,1600
1168,461,23,2,4,1700
1168,467,24,1,2,1900
1168,468,24,0,1,1600
1168,468,24,2,4,1700
1168,469,24,1,2,1500
1168,474,25,1,2,1900
1168,475,25,0,1,1600
1168,475,25,2,4,1700
1168,476,25,1,2,1500
1168,481,26,1,2,1900
1168,482,26,0,1,1600
1168,482,26,2,4,1700
1168,483,26,1,2,1500
1168,488,27,1,2,1900
1168,489,27,0,1,1600
1168,489,27,2,4,1700
1168,490,27,1,2,1500
1168,496,28,1,3,1600
1168,496,28,2,4,1700
1168,497,28,1,2,1500
1168,503,29,10,10,1600
1168,493,30,10,10,2030
1174,340,1,0,2,1945
1174,341,1,0,4,1945
1174,342,1,0,4,1500
1174,343,1,0,2,1600
1183,360,1,0,3,1945
1183,361,1,0,2,1945
1183,362,1,0,1,1945
1189,381,1,1,1,1930
1189,402,2,1,1,1930
1190,382,1,1,1,1945
1190,401,2,1,1,1945
1191,511,1,1,1,1600
1194,229,1,1,1,2000
1194,230,1,2,4,1500
1194,230,1,1,1,1730
1194,231,1,1,2,1600
1194,236,2,1,1,2000
1194,237,2,2,4,1500
1194,237,2,1,1,1730
1194,238,2,1,2,1600
1194,243,3,1,1,2000
1194,244,3,2,4,1500
1194,244,3,1,1,1730
1194,245,3,1,2,1600
1194,257,4,1,1,2000
1194,258,4,2,4,1500
1194,258,4,1,1,1730
1194,259,4,1,2,1600
1194,264,5,1,1,2000
1194,265,5,2,4,1500
1194,265,5,1,1,1730
1194,266,5,1,2,1600
1194,271,6,1,1,2000
1194,272,6,2,4,1500
1194,272,6,1,1,1730
1194,273,6,1,2,1600
1194,278,7,1,1,2000
1194,279,7,2,4,1500
1194,279,7,1,1,1730
1194,280,7,1,2,1600
1194,292,8,1,1,2000
1194,293,8,2,4,1500
1194,293,8,1,1,1730
1194,294,8,1,2,1600
1194,299,9,1,1,2000
1194,300,9,2,4,1500
1194,300,9,1,1,1730
1194,301,9,1,2,1600
1194,306,10,1,1,2000
1194,307,10,2,4,1500
1194,307,10,1,1,1730
1194,308,10,1,2,1600
1194,313,11,1,1,2000
1194,314,11,2,4,1500
1194,314,11,1,1,1730
1194,315,11,1,2,1600
1194,327,12,1,1,2000
1194,328,12,2,4,1500
1194,328,12,1,1,1730
1194,329,12,1,2,1600
1194,334,13,1,1,2000
1194,335,13,2,4,1500
1194,335,13,1,1,1730
1194,336,13,1,2,1600
1194,348,14,1,1,2000
1194,349,14,2,4,1500
1194,349,14,1,1,1730
1194,350,14,1,2,1600
1194,383,15,1,1,2000
1194,384,15,2,4,1500
1194,384,15,1,1,1730
1194,385,15,1,2,1600
1194,390,16,1,1,2000
1194,391,16,2,4,1500
1194,391,16,1,1,1730
1194,392,16,1,2,1600
1194,397,17,1,1,2000
1194,398,17,2,4,1500
1194,398,17,1,1,1730
1194,399,17,1,2,1600
1194,411,18,1,1,2000
1194,412,18,2,4,1500
1194,412,18,1,1,1730
1194,413,18,1,2,1600
1194,418,19,1,1,2000
1194,419,19,2,4,1500
1194,419,19,1,1,1730
1194,420,19,1,2,1600
1194,425,20,1,1,2000
1194,426,20,2,4,1500
1194,426,20,1,1,1730
1194,427,20,1,2,1600
1194,432,21,1,1,2000
1194,433,21,2,4,1500
1194,433,21,1,1,1730
1194,434,21,1,2,1600
1194,439,22,1,1,2000
1194,440,22,2,4,1500
1194,440,22,1,1,1730
1194,441,22,1,2,1600
1194,453,23,1,1,2000
1194,454,23,2,4,1500
1194,454,23,1,1,1730
1194,455,23,1,2,1600
1194,460,24,1,1,2000
1194,461,24,2,4,1500
1194,461,24,1,1,1730
1194,462,24,1,2,1600
1194,467,25,1,1,2000
1194,468,25,2,4,1500
1194,468,25,1,1,1730
1194,469,25,1,2,1600
1194,474,26,1,1,2000
1194,475,26,2,4,1500
1194,475,26,1,1,1730
1194,476,26,1,2,1600
1194,481,27,1,1,2000
1194,482,27,2,4,1500
1194,482,27,1,1,1730
1194,483,27,1,2,1600
1194,488,28,1,1,2000
1194,489,28,2,4,1500
1194,489,28,1,1,1730
1194,490,28,1,2,1600
1194,495,29,1,1,2000
1194,496,29,2,4,1500
1194,496,29,1,1,1730
1194,497,29,1,2,1600
1194,504,30,10,10,1730
1200,268,1,1,4,1900
1200,269,1,4,10,1945
1209,455,1,0,0,1600
1209,456,1,0,0,1945
1209,458,1,4,4,1600
1214,472,1,2,2,1900
1217,504,1,1,1,1400
1220,230,1,2,3,1300
1220,230,1,1,2,1600
1220,231,1,1,2,1600
1220,231,1,1,2,2100
1220,237,2,2,3,1300
1220,237,2,1,2,1600
1220,238,2,1,2,1600
1220,238,2,1,2,2100
1220,244,3,2,3,1300
1220,244,3,1,2,1600
1220,245,3,1,2,1600
1220,245,3,1,2,2100
1220,258,4,2,3,1300
1220,258,4,1,2,1600
1220,259,4,1,2,1600
1220,259,4,1,2,2100
1220,265,5,2,3,1300
1220,265,5,1,2,1600
1220,266,5,1,2,1600
1220,266,5,1,2,2100
1220,272,6,2,3,1300
1220,272,6,1,2,1600
1220,273,6,1,2,1600
1220,273,6,1,2,2100
1220,279,7,2,3,1300
1220,279,7,1,2,1600
1220,280,7,1,2,1600
1220,280,7,1,2,2100
1220,293,8,2,3,1300
1220,293,8,1,2,1600
1220,294,8,1,2,1600
1220,294,8,1,2,2100
1220,300,9,2,3,1300
1220,300,9,1,2,1600
1220,301,9,1,2,1600
1220,301,9,1,2,2100
1220,307,10,2,3,1300
1220,307,10,1,2,1600
1220,308,10,1,2,1600
1220,308,10,1,2,2100
1220,314,11,2,3,1300
1220,314,11,1,2,1600
1220,315,11,1,2,1600
1220,315,11,1,2,2100
1220,328,12,2,3,1300
1220,328,12,1,2,1600
1220,329,12,1,2,1600
1220,329,12,1,2,2100
1220,335,13,2,3,1300
1220,335,13,1,2,1600
1220,336,13,1,2,1600
1220,336,13,1,2,2100
1220,342,14,2,3,1300
1220,342,14,1,2,1600
1220,343,14,1,2,1600
1220,343,14,1,2,2100
1220,349,15,2,3,1300
1220,349,15,1,2,1600
1220,350,15,1,2,1600
1220,350,15,1,2,2100
1220,356,16,2,3,1300
1220,356,16,2,4,1600
1220,356,16,1,2,2100
1220,398,17,2,3,1300
1220,398,17,1,2,1600
1220,399,17,1,2,1600
1220,399,17,1,2,2100
1220,412,18,2,3,1300
1220,412,18,1,2,1600
1220,413,18,1,2,1600
1220,413,18,1,2,2100
1220,419,19,2,3,1300
1220,419,19,1,2,1600
1220,420,19,1,2,1600
1220,420,19,1,2,2100
1220,426,20,2,3,1300
1220,426,20,1,2,1600
1220,427,20,1,2,1600
1220,427,20,1,2,2100
1220,433,21,2,3,1300
1220,433,21,1,2,1600
1220,434,21,1,2,1600
1220,434,21,1,2,2100
1220,440,22,2,3,1300
1220,440,22,1,2,1600
1220,441,22,1,2,1600
1220,441,22,1,2,2100
1220,461,23,2,3,1300
1220,461,23,1,2,1600
1220,462,23,1,2,1600
1220,462,23,1,2,2100
1220,453,24,10,10,1945
1220,468,25,2,3,1300
1220,468,25,1,2,1600
1220,469,25,1,2,1600
1220,469,25,1,2,2100
1220,475,26,2,3,1300
1220,475,26,1,2,1600
1220,476,26,1,2,1600
1220,476,26,1,2,2100
1220,482,27,2,3,1300
1220,482,27,1,2,1600
1220,483,27,1,2,1600
1220,483,27,1,2,2100
1220,489,28,2,3,1300
1220,489,28,1,2,1600
1220,490,28,1,2,1600
1220,490,28,1,2,2100
1220,496,29,2,3,1300
1220,496,29,1,2,1600
1220,497,29,1,2,1600
1220,497,29,1,2,2100
1220,510,30,10,10,1600
1226,398,1,0,4,1500
1231,413,1,0,0,1600
1231,414,1,0,0,1945
1231,415,1,8,8,2000
1236,440,1,1,1,1215
1236,440,1,1,1,1400
1236,440,1,2,2,1500
1241,457,1,0,4,2000
1241,458,1,0,4,2000
1241,459,1,0,0,2000
1241,460,1,0,0,2000
1246,468,1,1,1,1215
1246,469,1,1,1,1500
1249,503,1,1,1,1500
1252,230,1,1,1,1230
1252,230,1,2,5,1500
1252,231,1,0,2,1500
1252,237,2,1,1,1230
1252,237,2,2,5,1500
1252,238,2,0,2,1500
1252,244,3,1,1,1230
1252,244,3,2,5,1500
1252,245,3,0,2,1500
1252,258,4,1,1,1230
1252,258,4,2,5,1500
1252,259,4,0,2,1500
1252,265,5,1,1,1230
1252,265,5,2,5,1500
1252,266,5,0,2,1500
1252,272,6,1,1,1230
1252,272,6,2,5,1500
1252,273,6,0,2,1500
1252,279,7,1,1,1230
1252,279,7,2,5,1500
1252,280,7,0,2,1500
1252,293,8,1,1,1230
1252,293,8,2,5,1500
1252,294,8,0,2,1500
1252,300,9,1,1,1230
1252,300,9,2,5,1500
1252,301,9,0,2,1500
1252,307,10,1,1,1230
1252,307,10,2,5,1500
1252,308,10,0,2,1500
1252,314,11,1,1,1230
1252,314,11,2,5,1500
1252,315,11,0,2,1500
1252,328,12,1,1,1230
1252,328,12,2,5,1500
1252,329,12,0,2,1500
1252,335,13,1,1,1230
1252,335,13,2,5,1500
1252,336,13,0,2,1500
1252,342,14,1,1,1230
1252,342,14,2,5,1500
1252,343,14,0,2,1500
1252,349,15,1,1,1230
1252,349,15,2,5,1500
1252,350,15,0,2,1500
1252,356,16,1,1,1230
1252,356,16,2,5,1500
1252,357,16,0,2,1500
1252,377,17,1,1,1230
1252,377,17,2,5,1500
1252,378,17,0,2,1500
1252,384,18,1,1,1230
1252,384,18,2,5,1500
1252,385,18,0,2,1500
1252,391,19,1,1,1230
1252,391,19,2,5,1500
1252,392,19,0,2,1500
1252,395,20,8,8,2000
1252,402,21,8,8,2000
1252,419,22,1,1,1230
1252,419,22,2,5,1500
1252,420,22,0,2,1500
1252,426,23,1,1,1230
1252,426,23,2,5,1500
1252,427,23,0,2,1500
1252,433,24,1,1,1230
1252,433,24,2,5,1500
1252,434,24,0,2,1500
1252,439,25,0,0,2000
1252,440,25,1,1,1230
1252,440,25,2,5,1500
1252,441,25,0,2,1500
1252,442,25,0,0,2000
1252,444,25,0,0,2000
1252,454,26,1,1,1230
1252,454,26,2,5,1500
1252,455,26,0,2,1500
1252,462,27,8,8,1500
1252,269,28,8,8,2000
1252,283,29,8,8,2000
1252,304,30,8,8,2000
1252,318,31,8,8,2000
1252,388,32,8,8,2000
1252,430,33,8,8,2000
1254,475,1,4,6,1600
1254,476,1,0,2,1500
1254,482,2,4,6,1600
1254,483,2,0,2,1500
1254,489,3,4,6,1600
1254,490,3,0,2,1500
1254,492,4,0,1,1945
1254,493,4,5,6,1945
1254,497,5,8,8,1600
1259,224,1,1,1,2200
1259,227,2,1,1,2200
1267,283,1,10,10,2200
1278,317,1,0,3,1945
1278,318,1,12,16,1945
1278,319,1,0,2,1945
1278,359,2,0,3,1945
1278,360,2,12,16,1945
1278,361,2,0,2,1945
1295,366,1,3,4,2200
1295,367,1,2,3,2200
1295,368,1,1,3,2200
1295,373,2,3,4,2200
1295,374,2,2,3,2200
1295,375,2,1,3,2200
1305,380,1,1,1,2200
1305,387,2,1,1,2200
1306,381,1,1,1,2200
1306,388,2,1,1,2200
1307,381,1,1,1,2200
1307,388,2,1,1,2200
1308,382,1,1,1,2200
1308,389,2,1,1,2200
1310,394,1,1,1,2200
1310,401,2,1,1,2200
1311,395,1,1,1,2200
1311,402,2,1,1,2200
1312,509,1,1,1,2130
1315,230,1,3,5,2200
1315,231,1,4,4,1700
1315,231,1,1,1,1900
1315,231,1,1,2,2100
1315,232,1,1,2,2100
1315,237,2,3,5,2200
1315,238,2,4,4,1700
1315,238,2,1,1,1900
1315,238,2,1,2,2100
1315,239,2,1,2,2100
1315,244,3,3,5,2200
1315,245,3,4,4,1700
1315,245,3,1,1,1900
1315,245,3,1,2,2100
1315,246,3,1,2,2100
1315,258,4,3,5,2200
1315,259,4,4,4,1700
1315,259,4,1,1,1900
1315,259,4,1,2,2100
1315,260,4,1,2,2100
1315,265,5,3,5,2200
1315,266,5,4,4,1700
1315,266,5,1,1,1900
1315,266,5,1,2,2100
1315,267,5,1,2,2100
1315,272,6,3,5,2200
1315,273,6,4,4,1700
1315,273,6,1,1,1900
1315,273,6,1,2,2100
1315,274,6,1,2,2100
1315,279,7,3,5,2200
1315,280,7,4,4,1700
1315,280,7,1,1,1900
1315,280,7,1,2,2100
1315,281,7,1,2,2100
1315,293,8,3,5,2200
1315,294,8,4,4,1700
1315,294,8,1,1,1900
1315,294,8,1,2,2100
1315,295,8,1,2,2100
1315,300,9,3,5,2200
1315,301,9,4,4,1700
1315,301,9,1,1,1900
1315,301,9,1,2,2100
1315,302,9,1,2,2100
1315,307,10,3,5,2200
1315,308,10,4,4,1700
1315,308,10,1,1,1900
1315,308,10,1,2,2100
1315,309,10,1,2,2100
1315,314,11,3,5,2200
1315,315,11,4,4,1700
1315,315,11,1,1,1900
1315,315,11,1,2,2100
1315,316,11,1,2,2100
1315,328,12,3,5,2200
1315,329,12,4,4,1700
1315,329,12,1,1,1900
1315,329,12,1,2,2100
1315,330,12,1,2,2100
1315,335,13,3,5,2200
1315,336,13,4,4,1700
1315,336,13,1,1,1900
1315,336,13,1,2,2100
1315,337,13,1,2,2100
1315,342,14,3,5,2200
1315,343,14,4,4,1700
1315,343,14,1,1,1900
1315,343,14,1,2,2100
1315,344,14,1,2,2100
1315,349,15,3,5,2200
1315,350,15,4,4,1700
1315,350,15,1,1,1900
1315,350,15,1,2,2100
1315,351,15,1,2,2100
1315,356,16,3,5,2200
1315,357,16,4,4,1700
1315,357,16,1,1,1900
1315,357,16,1,2,2100
1315,358,16,1,2,2100
1315,377,17,3,5,2200
1315,378,17,4,4,1700
1315,378,17,1,1,1900
1315,378,17,1,2,2100
1315,379,17,1,2,2100
1315,384,18,3,5,2200
1315,385,18,4,4,1700
1315,385,18,1,1,1900
1315,385,18,1,2,2100
1315,386,18,1,2,2100
1315,391,19,3,5,2200
1315,392,19,4,4,1700
1315,392,19,1,1,1900
1315,392,19,1,2,2100
1315,393,19,1,2,2100
1315,398,20,3,5,2200
1315,399,20,4,4,1700
1315,399,20,1,1,1900
1315,399,20,1,2,2100
1315,400,20,1,2,2100
1315,412,21,3,5,2200
1315,413,21,4,4,1700
1315,413,21,1,1,1900
1315,413,21,1,2,2100
1315,414,21,1,2,2100
1315,419,22,3,5,2200
1315,420,22,4,4,1700
1315,420,22,1,1,1900
1315,420,22,1,2,2100
1315,421,22,1,2,2100
1315,426,23,3,5,2200
1315,427,23,4,4,1700
1315,427,23,1,1,1900
1315,427,23,1,2,2100
1315,428,23,1,2,2100
1315,433,24,3,5,2200
1315,434,24,4,4,1700
1315,434,24,1,1,1900
1315,434,24,1,2,2100
1315,435,24,1,2,2100
1315,440,25,3,5,2200
1315,441,25,4,4,1700
1315,441,25,1,1,1900
1315,441,25,1,2,2100
1315,442,25,1,2,2100
1315,454,26,3,5,2200
1315,455,26,4,4,1700
1315,455,26,1,1,1900
1315,455,26,1,2,2100
1315,456,26,1,2,2100
1315,461,27,3,5,2200
1315,462,27,4,4,1700
1315,462,27,1,1,1900
1315,462,27,1,2,2100
1315,463,27,1,2,2100
1315,468,28,3,5,2200
1315,469,28,4,4,1700
1315,469,28,1,1,1900
1315,469,28,1,2,2100
1315,470,28,1,2,2100
1315,475,29,3,5,2200
1315,476,29,4,4,1700
1315,476,29,1,1,1900
1315,476,29,1,2,2100
1315,477,29,1,2,2100
1315,482,30,3,5,2200
1315,483,30,4,4,1700
1315,483,30,1,1,1900
1315,483,30,1,2,2100
1315,484,30,1,2,2100
1315,489,31,3,5,2200
1315,490,31,4,4,1700
1315,490,31,1,1,1900
1315,490,31,1,2,2100
1315,491,31,1,2,2100
1315,496,32,3,5,2200
1315,497,32,4,4,1700
1315,497,32,1,1,1900
1315,497,32,1,2,2100
1315,498,32,1,2,2100
1315,503,33,10,10,2200
1315,269,34,10,10,2200
1315,304,35,10,10,2200
1315,430,36,10,10,2200
1315,472,37,10,10,2200
1315,493,38,10,10,2200
1318,237,1,8,12,2000
1318,238,1,1,2,1800
1318,244,2,8,12,2000
1318,245,2,1,2,1800
1318,258,3,8,12,2000
1318,259,3,1,2,1800
1318,265,4,8,12,2000
1318,266,4,1,2,1800
1318,272,5,8,12,2000
1318,273,5,1,2,1800
1318,279,6,8,12,2000
1318,280,6,1,2,1800
1318,293,7,8,12,2000
1318,294,7,1,2,1800
1318,300,8,8,12,2000
1318,301,8,1,2,1800
1318,307,9,8,12,2000
1318,308,9,1,2,1800
1318,314,10,8,12,2000
1318,315,10,1,2,1800
1318,328,11,8,12,2000
1318,329,11,1,2,1800
1318,335,12,8,12,2000
1318,336,12,1,2,1800
1318,342,13,8,12,2000
1318,343,13,1,2,1800
1318,349,14,8,12,2000
1318,350,14,1,2,1800
1318,356,15,8,12,2000
1318,357,15,1,2,1800
1318,377,16,8,12,2000
1318,378,16,1,2,1800
1318,384,17,8,12,2000
1318,385,17,1,2,1800
1318,391,18,8,12,2000
1318,392,18,1,2,1800
1318,398,19,8,12,2000
1318,399,19,1,2,1800
1318,412,20,8,12,2000
1318,413,20,1,2,1800
1318,419,21,8,12,2000
1318,420,21,1,2,1800
1318,426,22,8,12,2000
1318,427,22,1,2,1800
1318,433,23,8,12,2000
1318,434,23,1,2,1800
1318,440,24,8,12,2000
1318,441,24,1,2,1800
1318,454,25,8,12,2000
1318,455,25,1,2,1800
1318,461,26,8,12,2000
1318,462,26,1,2,1800
1318,468,27,8,12,2000
1318,469,27,1,2,1800
1318,475,28,8,12,2000
1318,476,28,1,2,1800
1318,482,29,8,12,2000
1318,483,29,1,2,1800
1318,489,30,8,12,2000
1318,490,30,1,2,1800
1318,496,31,8,12,2000
1318,497,31,1,2,1800
1318,503,32,8,12,2000
1318,504,32,1,2,1800
1318,510,33,8,12,2000
1318,511,33,1,2,1800
1318,515,34,0,0,2200
1318,517,34,11,11,2000
1318,247,35,2,6,2200
1318,248,35,8,10,2200
1318,268,36,2,6,2200
1318,269,36,8,10,2200
1318,303,37,2,6,2200
1318,304,37,8,10,2200
1318,429,38,2,6,2200
1318,430,38,8,10,2200
1318,471,39,2,6,2200
1318,472,39,8,10,2200
1318,492,40,2,6,2200
1318,493,40,8,10,2200
1318,499,41,2,6,2200
1318,500,41,8,10,2200
1318,506,42,2,6,2200
1318,507,42,8,10,2200
1318,513,42,0,0,2200
1324,526,1,1,1,1945
1324,528,2,1,1,1945
1325,526,1,1,1,1945
1325,528,2,1,1,1945
1327,531,1,1,1,1600
1327,533,2,1,1,1945
1332,356,1,4,4,1600
1332,357,1,4,4,1800
1341,383,1,1,1,1900
1341,384,1,2,2,1600
1341,385,1,1,1,1800
1346,472,1,1,1,1900
1346,473,1,1,1,1900
1349,503,1,1,1,1600
1352,230,1,1,3,1600
1352,231,1,1,1,1600
1352,231,1,4,6,1800
1352,237,2,1,3,1600
1352,238,2,1,1,1600
1352,238,2,4,6,1800
1352,244,3,1,3,1600
1352,245,3,1,1,1600
1352,245,3,4,6,1800
1352,258,4,1,3,1600
1352,259,4,1,1,1600
1352,259,4,4,6,1800
1352,265,5,1,3,1600
1352,266,5,1,1,1600
1352,266,5,4,6,1800
1352,272,6,1,3,1600
1352,273,6,1,1,1600
1352,273,6,4,6,1800
1352,279,7,1,3,1600
1352,280,7,1,1,1600
1352,280,7,4,6,1800
1352,293,8,1,3,1600
1352,294,8,1,1,1600
1352,294,8,4,6,1800
1352,300,9,1,3,1600
1352,301,9,1,1,1600
1352,301,9,4,6,1800
1352,307,10,1,3,1600
1352,308,10,1,1,1600
1352,308,10,4,6,1800
1352,314,11,1,3,1600
1352,315,11,1,1,1600
1352,315,11,4,6,1800
1352,328,12,1,3,1600
1352,329,12,1,1,1600
1352,329,12,4,6,1800
1352,335,13,1,3,1600
1352,336,13,1,1,1600
1352,336,13,4,6,1800
1352,342,14,1,3,1600
1352,343,14,1,1,1600
1352,343,14,4,6,1800
1352,349,15,1,3,1600
1352,350,15,1,1,1600
1352,350,15,4,6,1800
1352,377,16,1,3,1600
1352,378,16,1,1,1600
1352,378,16,4,6,1800
1352,391,17,1,3,1600
1352,392,17,1,1,1600
1352,392,17,4,6,1800
1352,398,18,1,3,1600
1352,399,18,1,1,1600
1352,399,18,4,6,1800
1352,412,19,1,3,1600
1352,413,19,1,1,1600
1352,413,19,4,6,1800
1352,419,20,1,3,1600
1352,420,20,1,1,1600
1352,420,20,4,6,1800
1352,426,21,1,3,1600
1352,427,21,1,1,1600
1352,427,21,4,6,1800
1352,433,22,1,3,1600
1352,434,22,1,1,1600
1352,434,22,4,6,1800
1352,440,23,1,3,1600
1352,441,23,1,1,1600
1352,441,23,4,6,1800
1352,454,24,1,3,1600
1352,455,24,1,1,1600
1352,455,24,4,6,1800
1352,461,25,1,3,1600
1352,462,25,1,1,1600
1352,462,25,4,6,1800
1352,468,26,1,3,1600
1352,469,26,1,1,1600
1352,469,26,4,6,1800
1352,475,27,1,3,1600
1352,476,27,1,1,1600
1352,476,27,4,6,1800
1352,482,28,1,3,1600
1352,483,28,1,1,1600
1352,483,28,4,6,1800
1352,489,29,1,3,1600
1352,490,29,1,1,1600
1352,490,29,4,6,1800
1352,497,30,10,10,1600
1358,335,1,1,1,1745
1358,336,1,1,1,1400
1361,455,1,0,0,1600
1361,456,1,0,0,1930
1361,457,1,2,2,1930
1361,458,1,2,2,1930
1366,472,1,2,2,1400
1369,500,1,1,1,2030
1372,202,1,2,5,1845
1372,203,1,1,5,1700
1372,209,2,2,5,1845
1372,210,2,1,5,1700
1372,216,3,2,5,1845
1372,217,3,1,5,1700
1372,223,4,2,5,1845
1372,224,4,1,5,1700
1372,230,5,2,5,1845
1372,231,5,1,5,1700
1372,237,6,2,5,1845
1372,238,6,1,5,1700
1372,244,7,2,5,1845
1372,245,7,1,5,1700
1372,258,8,2,5,1845
1372,259,8,1,5,1700
1372,265,9,2,5,1845
1372,266,9,1,5,1700
1372,272,10,2,5,1845
1372,273,10,1,5,1700
1372,279,11,2,5,1845
1372,280,11,1,5,1700
1372,293,12,2,5,1845
1372,294,12,1,5,1700
1372,300,13,2,5,1845
1372,301,13,1,5,1700
1372,307,14,2,5,1845
1372,308,14,1,5,1700
1372,314,15,2,5,1845
1372,315,15,1,5,1700
1372,328,16,2,5,1845
1372,329,16,1,5,1700
1372,342,17,2,5,1845
1372,343,17,1,5,1700
1372,349,18,2,5,1845
1372,350,18,1,5,1700
1372,412,19,2,5,1845
1372,413,19,1,5,1700
1372,419,20,2,5,1845
1372,420,20,1,5,1700
1372,426,21,2,5,1845
1372,427,21,1,5,1700
1372,433,22,2,5,1845
1372,434,22,1,5,1700
1372,440,23,2,5,1845
1372,441,23,1,5,1700
1372,430,24,2,5,1845
1372,430,24,1,5,1945
1372,461,25,2,5,1845
1372,462,25,1,5,1700
1372,468,26,2,5,1845
1372,469,26,1,5,1700
1372,475,27,2,5,1845
1372,476,27,1,5,1700
1372,482,28,2,5,1845
1372,483,28,1,5,1700
1372,489,29,2,5,1845
1372,490,29,1,5,1700
1372,496,30,2,5,1845
1372,497,30,1,5,1700
1372,503,31,2,5,1845
1372,504,31,1,5,1700
1372,511,32,10,10,1600
1372,304,33,10,10,1930
1372,318,34,10,10,1930
1372,493,35,10,10,1930
1372,283,36,10,10,1930
1372,220,37,10,10,2000
1372,269,38,10,10,2000
1384,135,1,2,2,1930
1387,142,1,4,4,1930
1392,149,1,3,3,1930
1395,226,1,4,8,1900
1400,247,1,2,2,1930
1400,254,2,0,2,1930
1403,282,1,1,1,1730
1403,289,2,0,1,1730
1406,83,1,4,4,1730
1406,83,1,2,3,1900
1406,84,1,0,1,1630
1406,84,1,2,3,1900
1406,90,2,4,4,1730
1406,90,2,2,3,1900
1406,91,2,0,1,1630
1406,91,2,2,3,1900
1406,97,3,4,4,1730
1406,97,3,2,3,1900
1406,98,3,0,1,1630
1406,98,3,2,3,1900
1406,104,4,4,4,1730
1406,104,4,2,3,1900
1406,105,4,0,1,1630
1406,105,4,2,3,1900
1406,111,5,4,4,1730
1406,111,5,2,3,1900
1406,112,5,0,1,1630
1406,112,5,2,3,1900
1406,118,6,4,4,1730
1406,118,6,2,3,1900
1406,119,6,0,1,1630
1406,119,6,2,3,1900
1406,125,7,4,4,1730
1406,125,7,2,3,1900
1406,126,7,0,1,1630
1406,126,7,2,3,1900
1406,132,8,4,4,1730
1406,132,8,2,3,1900
1406,133,8,0,1,1630
1406,133,8,2,3,1900
1406,139,9,4,4,1730
1406,139,9,2,3,1900
1406,140,9,0,1,1630
1406,140,9,2,3,1900
1406,146,10,4,4,1730
1406,146,10,2,3,1900
1406,147,10,0,1,1630
1406,147,10,2,3,1900
1406,153,11,4,4,1730
1406,153,11,2,3,1900
1406,154,11,0,1,1630
1406,154,11,2,3,1900
1406,160,12,4,4,1730
1406,160,12,2,3,1900
1406,161,12,0,1,1630
1406,161,12,2,3,1900
1406,167,13,4,4,1730
1406,167,13,2,3,1900
1406,168,13,0,1,1630
1406,168,13,2,3,1900
1406,174,14,4,4,1730
1406,174,14,2,3,1900
1406,175,14,0,1,1630
1406,175,14,2,3,1900
1406,181,15,4,4,1730
1406,181,15,2,3,1900
1406,182,15,0,1,1630
1406,182,15,2,3,1900
1406,188,16,4,4,1730
1406,188,16,2,3,1900
1406,189,16,0,1,1630
1406,189,16,2,3,1900
1406,195,17,4,4,1730
1406,195,17,2,3,1900
1406,196,17,0,1,1630
1406,196,17,2,3,1900
1406,202,18,4,4,1730
1406,202,18,2,3,1900
1406,203,18,0,1,1630
1406,203,18,2,3,1900
1406,209,19,4,4,1730
1406,209,19,2,3,1900
1406,210,19,0,1,1630
1406,210,19,2,3,1900
1406,216,20,4,4,1730
1406,216,20,2,3,1900
1406,217,20,0,1,1630
1406,217,20,2,3,1900
1406,223,21,4,4,1730
1406,223,21,2,3,1900
1406,224,21,0,1,1630
1406,224,21,2,3,1900
1406,230,22,4,4,1730
1406,230,22,2,3,1900
1406,231,22,0,1,1630
1406,231,22,2,3,1900
1406,237,23,4,4,1730
1406,237,23,2,3,1900
1406,238,23,0,1,1630
1406,238,23,2,3,1900
1406,244,24,4,4,1730
1406,244,24,2,3,1900
1406,245,24,0,1,1630
1406,245,24,2,3,1900
1406,251,25,4,4,1730
1406,251,25,2,3,1900
1406,252,25,0,1,1630
1406,252,25,2,3,1900
1406,258,26,4,4,1730
1406,258,26,2,3,1900
1406,259,26,0,1,1630
1406,259,26,2,3,1900
1406,265,27,4,4,1730
1406,265,27,2,3,1900
1406,266,27,0,1,1630
1406,266,27,2,3,1900
1406,272,28,4,4,1730
1406,272,28,2,3,1900
1406,273,28,0,1,1630
1406,273,28,2,3,1900
1406,279,29,4,4,1730
1406,279,29,2,3,1900
1406,280,29,0,1,1630
1406,280,29,2,3,1900
1406,286,30,4,4,1730
1406,286,30,2,3,1900
1406,287,30,0,1,1630
1406,287,30,2,3,1900
1406,293,31,4,4,1730
1406,293,31,2,3,1900
1406,294,31,0,1,1630
1406,294,31,2,3,1900
1406,143,32,10,10,1630
1406,213,33,10,10,1630
1406,300,34,10,10,1730
1406,227,35,10,10,1945
1406,269,36,10,10,1945
1406,283,37,10,10,1945
1406,297,38,10,10,1945
1406,94,39,0,20,1930
1406,108,40,0,20,1930
1406,122,41,0,20,1930
1406,255,42,10,10,1945
1406,220,43,10,10,1945
1406,241,44,10,10,1945
1406,129,45,10,10,1630
1406,136,46,10,10,1630
1406,150,47,10,10,1630
1406,115,48,0,20,1930
1406,101,49,0,20,1930
1406,234,50,10,10,1945
1406,76,51,0,10,1200
1406,308,52,0,10,1600
1409,311,1,0,2,1945
1409,314,1,2,2,1600
1412,318,1,4,4,1945
1412,325,1,0,4,1945
1412,321,2,4,4,1600
1412,328,2,0,4,1600
1422,332,1,2,2,1945
1422,335,2,2,2,1600
1427,342,1,1,1,1600
1431,208,1,1,1,2000
1431,209,1,2,3,1700
1431,209,1,1,2,2000
1431,210,1,2,3,1600
1431,215,2,1,1,2000
1431,216,2,2,3,1700
1431,216,2,1,2,2000
1431,217,2,2,3,1600
1431,222,3,1,1,2000
1431,223,3,2,3,1700
1431,223,3,1,2,2000
1431,224,3,2,3,1600
1431,229,4,1,1,2000
1431,230,4,2,3,1700
1431,230,4,1,2,2000
1431,231,4,2,3,1600
1431,236,5,1,1,2000
1431,237,5,2,3,1700
1431,237,5,1,2,2000
1431,238,5,2,3,1600
1431,243,6,1,1,2000
1431,244,6,2,3,1700
1431,244,6,1,2,2000
1431,245,6,2,3,1600
1431,257,7,1,1,2000
1431,258,7,2,3,1700
1431,258,7,1,2,2000
1431,259,7,2,3,1600
1431,264,8,1,1,2000
1431,265,8,2,3,1700
1431,265,8,1,2,2000
1431,266,8,2,3,1600
1431,271,9,1,1,2000
1431,272,9,2,3,1700
1431,272,9,1,2,2000
1431,273,9,2,3,1600
1431,278,10,1,1,2000
1431,279,10,2,3,1700
1431,279,10,1,2,2000
1431,280,10,2,3,1600
1431,286,11,3,4,1700
1431,286,11,1,2,2000
1431,287,11,2,3,1600
1431,292,12,1,1,2000
1431,293,12,2,3,1700
1431,293,12,1,2,2000
1431,294,12,2,3,1600
1431,299,13,1,1,2000
1431,300,13,2,3,1700
1431,300,13,1,2,2000
1431,301,13,2,3,1600
1431,303,14,1,2,2000
1431,304,14,5,7,2000
1431,307,15,2,3,1700
1431,307,15,1,1,1800
1431,307,15,1,2,2000
1431,308,15,2,3,1600
1431,313,16,1,1,2000
1431,314,16,2,3,1700
1431,314,16,1,2,2000
1431,315,16,2,3,1600
1431,321,17,10,10,2000
1431,255,18,0,10,2030
1431,269,19,0,10,2030
1431,283,20,0,10,2030
1431,318,21,0,10,2030
1431,332,22,0,10,2030
1434,328,1,1,1,2100
1434,335,2,1,1,2100
1435,328,1,1,1,2100
1435,335,2,1,1,2100
1436,329,1,1,1,2100
1436,336,2,1,1,2100
1437,329,1,1,1,2100
1437,336,2,1,1,2100
1441,339,1,1,1,2100
1441,342,2,1,1,1900
1442,340,1,1,1,2100
1442,343,2,1,1,1900
1445,347,1,1,1,2100
1445,350,2,1,1,1800
1448,383,1,1,1,2000
1448,384,1,2,3,1700
1448,384,1,1,2,2000
1448,385,1,2,3,1600
1448,390,2,1,1,2000
1448,391,2,2,3,1700
1448,391,2,1,2,2000
1448,392,2,2,3,1600
1448,397,3,1,1,2000
1448,398,3,2,3,1700
1448,398,3,1,2,2000
1448,399,3,2,3,1600
1448,405,4,3,4,1700
1448,405,4,1,2,2000
1448,406,4,2,3,1600
1448,411,5,1,1,2000
1448,412,5,2,3,1700
1448,412,5,1,2,2000
1448,413,5,2,3,1600
1448,418,6,1,1,2000
1448,419,6,2,3,1700
1448,419,6,1,2,2000
1448,420,6,2,3,1600
1448,425,7,1,1,2000
1448,426,7,2,3,1700
1448,426,7,1,2,2000
1448,427,7,2,3,1600
1448,433,8,2,3,1700
1448,433,8,1,2,2000
1448,434,8,1,1,1200
1448,434,8,2,3,1600
1448,439,9,1,1,2000
1448,440,9,2,3,1700
1448,440,9,1,2,2000
1448,441,9,2,3,1600
1448,446,10,1,1,2000
1448,447,10,2,3,1700
1448,447,10,1,2,2000
1448,448,10,2,3,1600
1448,453,11,1,1,2000
1448,454,11,2,3,1700
1448,454,11,1,2,2000
1448,455,11,2,3,1600
1448,460,12,1,1,2000
1448,461,12,2,3,1700
1448,461,12,1,2,2000
1448,462,12,2,3,1600
1448,467,13,1,1,2000
1448,468,13,2,3,1700
1448,468,13,1,2,2000
1448,469,13,2,3,1600
1448,475,14,2,3,1700
1448,475,14,1,2,2000
1448,476,14,1,1,1200
1448,476,14,2,3,1600
1448,482,15,9,9,1700
1448,472,16,9,9,2100
1448,430,17,10,10,2100
1448,402,18,0,10,2030
1448,451,19,10,10,2100
1448,458,20,10,10,2100
1448,437,21,10,10,2100
1448,416,22,0,10,2030
1451,489,1,1,1,2045
1451,496,2,1,1,2045
1452,489,1,1,1,1900
1452,496,2,1,1,1900
1453,490,1,1,1,1800
1453,497,2,1,1,1800
1454,490,1,1,1,2045
1454,497,2,1,1,2045
1457,500,1,2,2,1900
1457,503,2,2,2,1600
1462,508,1,1,1,2000
1462,511,2,1,1,1200
1466,258,1,1,1,1700
1466,258,1,1,1,1800
1466,262,2,1,1,1700
1466,262,2,1,1,1800
1466,412,3,1,1,1700
1466,412,3,1,1,1800
1466,416,4,1,1,1700
1466,416,4,1,1,1800
1466,622,5,1,1,1700
1466,622,5,1,1,1800
1466,626,6,2,2,1700
1475,285,1,1,1,1930
1475,286,1,1,1,1200
1475,286,1,1,1,1800
1475,287,1,1,1,1200
1475,287,1,1,1,1600
1475,292,2,1,1,1930
1475,293,2,1,1,1200
1475,293,2,1,1,1800
1475,294,2,1,1,1200
1475,294,2,1,1,1600
1475,299,3,1,1,1930
1475,300,3,1,1,1200
1475,300,3,1,1,1800
1475,301,3,1,1,1200
1475,301,3,1,1,1600
1475,306,4,1,1,1930
1475,307,4,1,1,1200
1475,307,4,1,1,1800
1475,308,4,1,1,1200
1475,308,4,1,1,1600
1475,313,5,1,1,1930
1475,314,5,1,1,1200
1475,314,5,1,1,1800
1475,315,5,1,1,1200
1475,315,5,1,1,1600
1475,320,6,1,1,1930
1475,321,6,1,1,1200
1475,321,6,1,1,1800
1475,322,6,1,1,1200
1475,322,6,1,1,1600
1475,327,7,1,1,1930
1475,328,7,1,1,1200
1475,328,7,1,1,1800
1475,329,7,1,1,1200
1475,329,7,1,1,1600
1475,334,8,1,1,1930
1475,335,8,1,1,1200
1475,335,8,1,1,1800
1475,336,8,1,1,1200
1475,336,8,1,1,1600
1475,341,9,1,1,1930
1475,342,9,1,1,1200
1475,342,9,1,1,1800
1475,343,9,1,1,1200
1475,343,9,1,1,1600
1475,349,10,1,1,1200
1475,349,10,1,1,1600
1475,349,10,1,1,1800
1475,350,10,1,1,1200
1475,350,10,1,1,1600
1475,355,11,1,1,1930
1475,356,11,1,1,1200
1475,356,11,1,1,1800
1475,357,11,1,1,1200
1475,357,11,1,1,1600
1475,362,12,1,1,1930
1475,363,12,1,1,1200
1475,363,12,1,1,1800
1475,364,12,1,1,1200
1475,364,12,1,1,1600
1475,370,13,1,1,1200
1475,370,13,1,1,1600
1475,370,13,1,1,1800
1475,371,13,1,1,1200
1475,371,13,1,1,1600
1475,376,14,1,1,1930
1475,377,14,1,1,1200
1475,377,14,1,1,1800
1475,378,14,1,1,1200
1475,378,14,1,1,1600
1475,384,15,1,1,1200
1475,384,15,1,1,1600
1475,384,15,1,1,1800
1475,385,15,1,1,1200
1475,385,15,1,1,1600
1475,390,16,1,1,1930
1475,391,16,1,1,1200
1475,391,16,1,1,1800
1475,392,16,1,1,1200
1475,392,16,1,1,1600
1475,398,17,1,1,1200
1475,398,17,1,1,1600
1475,398,17,1,1,1800
1475,399,17,1,1,1200
1475,399,17,1,1,1600
1475,404,18,1,1,1930
1475,405,18,1,1,1200
1475,405,18,1,1,1800
1475,406,18,1,1,1200
1475,406,18,1,1,1600
1475,412,19,1,1,1200
1475,412,19,1,1,1600
1475,412,19,1,1,1800
1475,413,19,1,1,1200
1475,413,19,1,1,1600
1475,419,20,1,1,1200
1475,419,20,1,1,1600
1475,419,20,1,1,1800
1475,420,20,1,1,1200
1475,420,20,1,1,1600
1475,425,21,1,1,1930
1475,426,21,1,1,1200
1475,426,21,1,1,1800
1475,427,21,1,1,1200
1475,427,21,1,1,1600
1475,432,22,1,1,1930
1475,433,22,1,1,1200
1475,433,22,1,1,1800
1475,434,22,1,1,1200
1475,434,22,1,1,1600
1475,439,23,1,1,1930
1475,440,23,1,1,1200
1475,440,23,1,1,1800
1475,441,23,1,1,1200
1475,441,23,1,1,1600
1475,446,24,1,1,1930
1475,447,24,1,1,1200
1475,447,24,1,1,1800
1475,448,24,1,1,1200
1475,448,24,1,1,1600
1475,453,25,1,1,1930
1475,454,25,1,1,1200
1475,454,25,1,1,1800
1475,455,25,1,1,1200
1475,455,25,1,1,1600
1475,460,26,1,1,1930
1475,461,26,1,1,1200
1475,461,26,1,1,1800
1475,462,26,1,1,1200
1475,462,26,1,1,1600
1475,346,27,5,5,1945
1475,381,28,5,5,1945
1475,395,29,5,5,1945
1475,367,30,5,5,1945
1475,409,31,5,5,1945
1475,416,32,5,5,1945
1478,468,1,1,1,1600
1479,469,1,1,1,1600
1483,475,1,1,1,1600
1484,476,1,1,1,1600
1488,482,1,1,1,1600
1491,62,1,3,8,1700
1491,62,1,1,1,2000
1491,69,2,3,8,1700
1491,69,2,1,1,2000
1491,76,3,3,8,1700
1491,76,3,1,1,2000
1491,82,4,1,1,1700
1491,83,4,3,7,1700
1491,83,4,1,1,2000
1491,90,5,3,6,1600
1491,90,5,2,3,2000
1491,97,6,3,8,1700
1491,97,6,1,1,2000
1491,103,7,1,1,1700
1491,104,7,3,7,1700
1491,104,7,1,1,2000
1491,111,8,3,8,1700
1491,111,8,1,1,2000
1491,117,9,1,1,1700
1491,118,9,3,7,1700
1491,118,9,1,1,2000
1491,125,10,3,8,1700
1491,125,10,1,1,2000
1491,131,11,1,1,1700
1491,132,11,3,7,1700
1491,132,11,1,1,2000
1491,139,12,3,8,1700
1491,139,12,1,1,2000
1491,145,13,1,1,1700
1491,146,13,3,7,1700
1491,146,13,1,1,2000
1491,153,14,3,8,1700
1491,153,14,1,1,2000
1491,159,15,1,1,1700
1491,160,15,3,7,1700
1491,160,15,1,1,2000
1491,166,16,1,1,1700
1491,167,16,3,7,1600
1491,167,16,1,1,2000
1491,180,17,1,1,1700
1491,181,17,3,7,1700
1491,181,17,1,1,2000
1491,187,18,1,1,1700
1491,188,18,3,7,1700
1491,188,18,1,1,2000
1491,194,19,1,1,1700
1491,195,19,3,7,1700
1491,195,19,1,1,2000
1491,208,20,1,1,1700
1491,209,20,3,7,1700
1491,209,20,1,1,2000
1491,215,21,1,1,1700
1491,216,21,3,7,1700
1491,216,21,1,1,2000
1491,222,22,1,1,1700
1491,223,22,3,7,1700
1491,223,22,1,1,2000
1491,236,23,1,1,1700
1491,237,23,3,7,1700
1491,237,23,1,1,2000
1491,243,24,1,1,1700
1491,244,24,3,7,1700
1491,244,24,1,1,2000
1491,250,25,1,1,1700
1491,251,25,3,7,1700
1491,251,25,1,1,2000
1491,258,26,3,8,1700
1491,258,26,1,1,2000
1491,271,27,1,1,1700
1491,272,27,3,7,1700
1491,272,27,1,1,2000
1491,285,28,1,1,1700
1491,286,28,3,7,1700
1491,286,28,1,1,2000
1491,300,29,3,8,1700
1491,300,29,1,1,2000
1491,293,30,3,8,1700
1491,293,30,1,1,2000
1491,314,31,9,9,1700
1491,73,32,0,10,2030
1491,255,33,0,10,2030
1491,290,34,0,10,2030
1491,265,35,3,8,1700
1491,265,35,1,1,2000
1491,278,36,1,1,1700
1491,279,36,3,7,1700
1491,279,36,1,1,2000
1491,307,37,3,8,1700
1491,307,37,1,1,2000
1491,297,38,0,10,2030
1491,229,39,1,1,1700
1491,230,39,3,7,1700
1491,230,39,1,1,2000
1491,304,40,0,10,2030
1491,311,41,0,10,2030
1491,318,42,0,10,2030
1491,321,43,9,9,1700
1491,325,44,0,10,2030
1491,66,45,0,10,2030
1491,94,46,0,10,2030
1491,108,47,0,10,2030
1491,122,48,0,10,2030
1491,136,49,0,10,2030
1491,150,50,0,10,2030
1493,327,1,1,1,1800
1493,328,1,1,1,1800
1496,332,1,1,1,1800
1498,335,1,1,1,1800
1500,339,1,1,1,1800
1500,342,2,1,1,1800
1506,359,1,3,3,2000
1506,360,1,3,3,2000
1513,393,1,2,2,2000
1513,394,1,2,2,2000
1518,397,1,1,1,2000
1518,398,1,1,1,1600
1521,411,1,1,1,2000
1521,404,2,1,1,2000
1524,257,1,2,4,2000
1524,258,1,3,4,1600
1524,264,2,2,4,2000
1524,265,2,3,4,1600
1524,271,3,2,4,2000
1524,272,3,3,4,1600
1524,278,4,2,4,2000
1524,279,4,3,4,1600
1524,285,5,2,4,2000
1524,286,5,3,4,1600
1524,292,6,2,4,2000
1524,293,6,3,4,1600
1524,299,7,2,4,2000
1524,300,7,3,4,1600
1524,306,8,2,4,2000
1524,307,8,3,4,1600
1524,313,9,2,4,2000
1524,314,9,3,4,1600
1524,320,10,2,4,2000
1524,321,10,3,4,1600
1524,327,11,2,4,2000
1524,328,11,3,4,1600
1524,334,12,2,4,2000
1524,335,12,3,4,1600
1524,341,13,2,4,2000
1524,342,13,3,4,1600
1524,348,14,2,4,2000
1524,349,14,3,4,1600
1524,355,15,2,4,2000
1524,356,15,3,4,1600
1524,362,16,2,4,2000
1524,363,16,3,4,1600
1524,369,17,2,4,2000
1524,370,17,3,4,1600
1524,376,18,2,4,2000
1524,377,18,3,4,1600
1524,383,19,2,4,2000
1524,384,19,3,4,1600
1524,390,20,2,4,2000
1524,391,20,3,4,1600
1524,418,21,2,4,2000
1524,419,21,3,4,1600
1524,425,22,2,4,2000
1524,426,22,3,4,1600
1524,432,23,2,4,2000
1524,433,23,3,4,1600
1524,439,24,2,4,2000
1524,440,24,3,4,1600
1524,446,25,2,4,2000
1524,447,25,3,4,1600
1524,475,26,7,7,1600
1524,453,27,2,4,2000
1524,454,27,3,4,1600
1524,460,28,2,4,2000
1524,461,28,3,4,1600
1524,467,29,2,4,2000
1524,468,29,3,4,1600
1524,359,30,0,8,2000
1524,387,31,0,8,2000
1529,482,1,0,1,1600
1529,483,1,0,2,1600
1529,484,1,0,1,2000
1529,488,2,0,1,2000
1529,489,2,0,2,1600
1529,490,2,0,1,1600
1535,498,1,0,1,2000
1535,502,2,0,1,2000
1536,499,1,0,1,2000
1536,505,2,0,1,2000
1538,508,1,0,1,2000
1540,509,1,0,1,2000
1543,286,1,1,1,1700
1543,286,1,1,1,1800
1543,286,1,1,1,1900
1543,286,1,1,1,2000
1543,286,1,1,1,2100
1543,290,2,1,1,1700
1543,290,2,1,1,1800
1543,290,2,1,1,1900
1543,290,2,1,1,2000
1543,290,2,1,1,2100
1543,321,3,1,1,1700
1543,321,3,1,1,1800
1543,321,3,1,1,1900
1543,321,3,1,1,2000
1543,321,3,1,1,2100
1543,325,4,1,1,1700
1543,325,4,1,1,1800
1543,325,4,1,1,1900
1543,325,4,1,1,2000
1543,325,4,1,1,2100
1543,447,5,1,1,1700
1543,447,5,1,1,1800
1543,447,5,1,1,1900
1543,447,5,1,1,2000
1543,447,5,1,1,2100
1543,451,6,1,1,1700
1543,451,6,1,1,1800
1543,451,6,1,1,1900
1543,451,6,1,1,2000
1543,451,6,1,1,2100
1543,622,7,1,1,1700
1543,622,7,1,1,1800
1543,622,7,1,1,1900
1543,622,7,1,1,2000
1543,622,7,1,1,2100
1543,626,8,1,1,1700
1543,626,8,1,1,1800
1543,626,8,1,1,1900
1543,626,8,1,1,2000
1543,626,8,1,1,2100
1543,650,9,1,1,1700
1543,650,9,1,1,1800
1543,650,9,1,1,1900
1543,650,9,1,1,2000
1543,650,9,1,1,2100
1543,654,10,1,1,1700
1543,654,10,1,1,1800
1543,654,10,1,1,1900
1543,654,10,1,1,2000
1543,654,10,1,1,2100
1543,776,11,1,1,1700
1543,776,11,1,1,1800
1543,776,11,1,1,1900
1543,776,11,1,1,2000
1543,776,11,1,1,2100
1543,780,12,1,1,1700
1543,780,12,1,1,1800
1543,780,12,1,1,1900
1543,780,12,1,1,2000
1543,780,12,1,1,2100
1543,811,13,1,1,1700
1543,811,13,1,1,1800
1543,811,13,1,1,1900
1543,811,13,1,1,2000
1543,811,13,1,1,2100
1543,815,14,1,1,1700
1543,815,14,1,1,1800
1543,815,14,1,1,1900
1543,815,14,1,1,2000
1543,815,14,1,1,2100
1543,993,15,1,1,1700
1543,993,15,1,1,1800
1543,993,15,1,1,1900
1543,993,15,1,1,2000
1543,993,15,1,1,2100
1543,997,16,1,1,1700
1543,997,16,1,1,1800
1543,997,16,1,1,1900
1543,997,16,1,1,2000
1543,997,16,1,1,2100
1543,1021,17,1,1,1700
1543,1021,17,1,1,1800
1543,1021,17,1,1,1900
1543,1021,17,1,1,2000
1543,1021,17,1,1,2100
1543,1025,18,5,5,1700
1555,188,1,1,1,1915
1555,188,1,1,1,2145
1555,192,2,1,1,1915
1555,192,2,1,1,2145
1555,196,3,1,1,1915
1555,196,3,1,1,2145
1556,189,1,1,1,1915
1556,189,1,1,1,2145
1556,193,2,1,1,1915
1556,193,2,1,1,2145
1556,197,3,1,1,1915
1556,197,3,1,1,2145
1557,190,1,1,1,1915
1557,190,1,1,1,2145
1557,194,2,1,1,1915
1557,194,2,1,1,2145
1557,198,3,1,1,1915
1557,198,3,1,1,2145
1563,201,1,1,1,1600
1564,201,1,1,1,1915
1565,202,1,1,1,1600
1566,202,1,1,1,1915
1568,205,1,1,1,2145
1569,206,1,1,1,2145
1571,209,1,1,1,1600
1573,210,1,1,1,1600
1578,80,1,4,4,1900
1578,94,2,4,4,1900
1578,87,3,4,4,1900
1583,108,1,6,8,1900
1583,109,1,0,2,1900
1583,115,2,6,8,1900
1583,116,2,0,2,1900
1592,122,1,2,2,1950
1592,123,1,2,2,1950
1592,129,2,4,4,1945
1597,136,1,2,2,1950
1597,143,2,2,2,1950
1600,213,1,1,1,1950
1600,220,2,1,1,1950
1600,227,3,1,1,1950
1603,132,1,1,3,1500
1603,133,1,1,2,1330
1603,133,1,3,6,1600
1603,139,2,1,3,1500
1603,140,2,1,2,1330
1603,140,2,3,6,1600
1603,146,3,1,3,1500
1603,147,3,1,2,1330
1603,147,3,3,6,1600
1603,150,4,4,7,2000
1603,151,4,1,3,2000
1603,153,5,1,3,1500
1603,154,5,1,2,1330
1603,154,5,3,6,1600
1603,157,6,4,7,2000
1603,158,6,1,3,2000
1603,160,7,1,3,1500
1603,161,7,1,2,1330
1603,161,7,3,6,1600
1603,199,8,4,7,2000
1603,200,8,1,3,2000
1603,202,9,1,3,1500
1603,203,9,1,2,1330
1603,203,9,3,6,1600
1603,206,10,4,7,2000
1603,207,10,1,3,2000
1603,209,11,1,3,1500
1603,210,11,1,2,1330
1603,210,11,3,6,1600
1603,216,12,1,3,1500
1603,217,12,3,6,1200
1603,217,12,1,2,1330
1603,223,13,1,3,1500
1603,224,13,1,2,1330
1603,224,13,3,6,1600
1603,230,14,1,3,1500
1603,231,14,1,2,1330
1603,231,14,3,6,1600
1603,237,15,1,3,1500
1603,238,15,1,2,1330
1603,238,15,3,6,1600
1603,241,16,5,11,2000
1603,244,17,1,3,1500
1603,245,17,1,2,1330
1603,245,17,3,6,1600
1603,248,18,5,11,2000
1603,251,19,1,3,1500
1603,252,19,1,2,1330
1603,252,19,3,6,1600
1603,255,20,5,11,2000
1603,258,21,1,3,1500
1603,259,21,1,2,1330
1603,259,21,3,6,1600
1603,262,22,5,11,2000
1603,265,23,1,3,1500
1603,266,23,1,2,1330
1603,266,23,3,6,1600
1603,269,24,5,11,2000
1603,272,25,1,3,1500
1603,273,25,1,2,1330
1603,273,25,3,6,1600
1603,276,26,5,11,2000
1603,278,27,0,1,2000
1603,279,27,6,9,1500
1603,283,28,4,7,2000
1603,284,28,1,3,2000
1603,286,29,1,3,1500
1603,287,29,1,2,1330
1603,287,29,3,6,1600
1603,293,30,1,3,1500
1603,294,30,1,2,1330
1603,294,30,3,6,1600
1603,300,31,1,3,1500
1603,301,31,1,2,1330
1603,301,31,3,6,1600
1603,304,32,0,1,2000
1603,305,32,1,3,2000
1603,307,32,3,6,1500
1603,311,33,5,11,2000
1603,314,34,1,3,1500
1603,315,34,1,2,1330
1603,315,34,3,6,1600
1603,321,35,1,4,1500
1603,322,35,3,6,1600
1603,328,36,1,3,1500
1603,329,36,1,2,1330
1603,329,36,3,6,1600
1603,336,37,10,10,1600
1603,343,38,10,10,1600
1603,227,39,0,10,2000
1603,234,40,0,10,2000
1603,290,41,4,7,2000
1603,291,41,1,3,2000
1603,297,42,4,7,2000
1603,298,42,1,3,2000
1603,325,43,0,10,2000
1603,332,44,0,10,2000
1603,339,45,0,10,2000
1603,125,46,1,3,1500
1603,126,46,1,2,1330
1603,126,46,3,6,1600
1603,318,47,5,11,2000
1603,118,48,1,3,1500
1603,119,48,1,2,1330
1603,119,48,3,6,1600
1603,111,49,1,3,1500
1603,112,49,1,2,1330
1603,112,49,3,6,1600
1615,251,1,30,30,1600
1615,255,2,30,30,1945
1615,286,3,30,30,1600
1615,290,4,30,30,1945
1615,321,5,30,30,1600
1615,325,6,30,30,1945
1615,405,7,30,30,1600
1615,409,8,30,30,1945
1615,447,9,30,30,1600
1615,451,10,30,30,1945
